,text_surronding
Delly_Le-candelabre-du-temple_<ma tante-20>_512,"poudre . – Évidemment , ma tante , je n'"
Delly_Le-candelabre-du-temple_<ma tante-20>_515,"Évidemment , ma tante , je n' ai pas non"
Delly_Le-candelabre-du-temple_<ma tante-20>_524,"non plus bien compris comment mon père , si pénétré"
Delly_Le-candelabre-du-temple_<ma tante-20>_556,", paraît - il , lui a rendu autrefois un"
Delly_Le-candelabre-du-temple_<ma tante-20>_576,", vraiment , pour que ce pauvre père se soit"
Delly_Le-candelabre-du-temple_<ma tante-20>_592,appel d' un tel homme le demandant à son lit
Delly_Le-candelabre-du-temple_<ma tante-20>_595,tel homme le demandant à son lit de mort –
Delly_Le-candelabre-du-temple_<ma tante-20>_645,"le pessimisme incarné ! dit Carolia , avec un sourire"
Delly_Le-candelabre-du-temple_<ma tante-20>_657,de fort jolies dents . Je suis certaine que si
Delly_Le-candelabre-du-temple_<ma tante-20>_662,"Je suis certaine que si j' allais le consulter ,"
Delly_Le-candelabre-du-temple_<ma tante-20>_668,"allais le consulter , il me découvrirait une ou plusieurs"
Delly_Le-candelabre-du-temple_<ma tante-20>_681,regard amusé de Siegbert enveloppa la belle jeune fille qui
Delly_Le-candelabre-du-temple_<ma tante-20>_685,enveloppa la belle jeune fille qui se tenait devant lui
Delly_Le-candelabre-du-temple_<ma tante-20>_694,"lui , cambrant un peu sa taille souple , bien"
Delly_Le-candelabre-du-temple_<ma tante-20>_708,"élégante et offrant , avec son teint rosé , ses"
Delly_Le-candelabre-du-temple_<ma tante-20>_712,"avec son teint rosé , ses yeux brillants et animés"
Delly_Le-candelabre-du-temple_<ma tante-20>_743,". L' air de Hoendeck vous a merveilleusement fortifiée ,"
Delly_Le-candelabre-du-temple_<ma tante-20>_748,"vous a merveilleusement fortifiée , Carolia . – Oh !"
Delly_Le-candelabre-du-temple_<ma tante-20>_755,"– Oh ! cela , je ne le nie pas"
Delly_Le-candelabre-du-temple_<ma tante-20>_766,Hoendeck est un paradis pour moi ! dit - elle
Delly_Le-candelabre-du-temple_<ma tante-20>_769,paradis pour moi ! dit - elle avec chaleur .
Delly_Le-candelabre-du-temple_<ma tante-20>_782,"de confusion vint aussitôt à ses joues , et les"
Delly_Le-candelabre-du-temple_<ma tante-20>_829,", croyez - le , Carolia . Notre vieil Hoendeck"
Delly_Le-candelabre-du-temple_<ma tante-20>_841,sa valeur la préférence que vous lui accordez . Cependant
Delly_Le-candelabre-du-temple_<ma tante-20>_847,"lui accordez . Cependant , vous allez l' abandonner dans"
Delly_Le-candelabre-du-temple_<ma tante-20>_861,". – Oui , puisque mon tuteur veut absolument m'"
Delly_Le-candelabre-du-temple_<ma tante-20>_865,puisque mon tuteur veut absolument m' avoir à Marienbad !
Delly_Le-candelabre-du-temple_<ma tante-20>_870,m' avoir à Marienbad ! Je ne puis vraiment lui
Delly_Le-candelabre-du-temple_<ma tante-20>_878,"vraiment lui refuser cela , me semble - t -"
Delly_Le-candelabre-du-temple_<ma tante-20>_897,"de là - bas , vous oublierez de regretter Hoendeck"
Delly_Le-candelabre-du-temple_<ma tante-20>_918,"bleuté . – Oh ! Siegbert , pourrais - je"
Delly_Le-candelabre-du-temple_<ma tante-20>_921,"Oh ! Siegbert , pourrais - je jamais oublier la"
Delly_Le-candelabre-du-temple_<ma tante-20>_931,place que tient Hoendeck dans ma vie ? C' est
Delly_Le-candelabre-du-temple_<ma tante-20>_938,"? C' est ici que j' ai été accueillie ,"
Delly_Le-candelabre-du-temple_<ma tante-20>_943,"j' ai été accueillie , pauvre petite orpheline , et"
Delly_Le-candelabre-du-temple_<ma tante-20>_957,"Grâce à vous tous , j' ai connu les joies"
Delly_Le-candelabre-du-temple_<ma tante-20>_968,la famille . . . j' ai connu le bonheur
Delly_Le-candelabre-du-temple_<ma tante-20>_977,bonheur . . . Et vous pouvez penser que j'
Delly_Le-candelabre-du-temple_<ma tante-20>_981,"Et vous pouvez penser que j' oublierais ! Siegbert ,"
Delly_Le-candelabre-du-temple_<ma tante-20>_984,"penser que j' oublierais ! Siegbert , me connaissez -"
Delly_Le-candelabre-du-temple_<ma tante-20>_986,"j' oublierais ! Siegbert , me connaissez - vous donc"
Delly_Le-candelabre-du-temple_<ma tante-20>_988,"! Siegbert , me connaissez - vous donc si peu"
Delly_Le-candelabre-du-temple_<ma tante-20>_1019,"de dentelle . – Ne vous désolez pas , car"
Delly_Le-candelabre-du-temple_<ma tante-20>_1024,"vous désolez pas , car je plaisantais . . ."
Delly_Le-candelabre-du-temple_<ma tante-20>_1031,. . . Quant à vous bien connaître . .
Delly_Le-candelabre-du-temple_<ma tante-20>_1058,"sceptique ! . . . L' entendez - vous ,"
Delly_Le-candelabre-du-temple_<ma tante-20>_1060,". . . L' entendez - vous , marraine ?–"
Delly_Le-candelabre-du-temple_<ma tante-20>_1063,"L' entendez - vous , marraine ?– Mais oui ,"
Delly_Le-candelabre-du-temple_<ma tante-20>_1071,"oui , mais oui , j' entends , mignonne !Avec"
Delly_Le-candelabre-du-temple_<ma tante-20>_1074,"oui , j' entends , mignonne !Avec un sourire satisfait"
Delly_Le-candelabre-du-temple_<ma tante-20>_1080,"!Avec un sourire satisfait sur ses lèvres épaisses , la"
Delly_Le-candelabre-du-temple_<ma tante-20>_1084,"sur ses lèvres épaisses , la comtesse Sophie considérait les"
Delly_Le-candelabre-du-temple_<ma tante-20>_1097,debout à quelques pas d' elle . – . .
Delly_Le-candelabre-du-temple_<ma tante-20>_1103,". – . . . Siegbert plaisante encore , car"
Delly_Le-candelabre-du-temple_<ma tante-20>_1116,"est si facile de pénétrer votre jeune cœur , limpide"
Delly_Le-candelabre-du-temple_<ma tante-20>_1135,rire quelque peu moqueur et Mlle d' Eichten lui fit
Delly_Le-candelabre-du-temple_<ma tante-20>_1138,moqueur et Mlle d' Eichten lui fit écho . –
Delly_Le-candelabre-du-temple_<ma tante-20>_1144,fit écho . – Voilà ma tante qui se lance
Delly_Le-candelabre-du-temple_<ma tante-20>_1146,. – Voilà ma tante qui se lance dans les
Delly_Le-candelabre-du-temple_<ma tante-20>_1165,"! C' est délicieux !– Siegbert , que tu es"
Delly_Le-candelabre-du-temple_<ma tante-20>_1168,"délicieux !– Siegbert , que tu es peu sérieux !"
Delly_Le-candelabre-du-temple_<ma tante-20>_1174,es peu sérieux ! dit Mme de Hornstedt en essayant
Delly_Le-candelabre-du-temple_<ma tante-20>_1189,". Sur la physionomie de Siegbert , la gaieté s'"
Delly_Le-candelabre-du-temple_<ma tante-20>_1218,"ce que disent certains de mes amis , qui me"
Delly_Le-candelabre-du-temple_<ma tante-20>_1222,"de mes amis , qui me voient refuser de m'"
Delly_Le-candelabre-du-temple_<ma tante-20>_1226,qui me voient refuser de m' associer à leurs folies
Delly_Le-candelabre-du-temple_<ma tante-20>_1236,". . . Et ne vous en déplaise , ma"
Delly_Le-candelabre-du-temple_<ma tante-20>_1240,"ne vous en déplaise , ma tante , j' ai"
Delly_Le-candelabre-du-temple_<ma tante-20>_1243,"déplaise , ma tante , j' ai déjà un respectable"
Delly_Le-candelabre-du-temple_<ma tante-20>_1270,". – Des désillusions ? Siegbert , qui donc vous"
Delly_Le-candelabre-du-temple_<ma tante-20>_1274,"? Siegbert , qui donc vous les a données ?"
Delly_Le-candelabre-du-temple_<ma tante-20>_1281,a données ? s' écria Mlle d' Eichten avec vivacité
Delly_Le-candelabre-du-temple_<ma tante-20>_1287,"d' Eichten avec vivacité . Il riposta , mi -"
Delly_Le-candelabre-du-temple_<ma tante-20>_1299,"mi - moqueur :– Pas vous , Carolia , rassurez"
Delly_Le-candelabre-du-temple_<ma tante-20>_1301,"moqueur :– Pas vous , Carolia , rassurez - vous"
Delly_Le-candelabre-du-temple_<ma tante-20>_1326,"milieu de la cour , j' ai beaucoup observé ,"
Delly_Le-candelabre-du-temple_<ma tante-20>_1358,gens . – Oh ! Siegbert ! s' exclama la
Delly_Le-candelabre-du-temple_<ma tante-20>_1362,! Siegbert ! s' exclama la comtesse d' un air
Delly_Le-candelabre-du-temple_<ma tante-20>_1369,"d' un air scandalisé . Je crains fort , mon"
Delly_Le-candelabre-du-temple_<ma tante-20>_1373,". Je crains fort , mon enfant , que tu"
Delly_Le-candelabre-du-temple_<ma tante-20>_1377,", mon enfant , que tu te nuises beaucoup ,"
Delly_Le-candelabre-du-temple_<ma tante-20>_1394,les plus hautes personnalités . Il eut un rire légèrement
Delly_Le-candelabre-du-temple_<ma tante-20>_1402,rire légèrement sardonique . – Vous faites allusion à la
Delly_Le-candelabre-du-temple_<ma tante-20>_1418,"ce courtisan impeccable , lequel m' a solennellement déclaré que"
Delly_Le-candelabre-du-temple_<ma tante-20>_1423,m' a solennellement déclaré que je ne réussirais pas à
Delly_Le-candelabre-du-temple_<ma tante-20>_1449,", personne ne trouvera en moi un flatteur , vous"
Delly_Le-candelabre-du-temple_<ma tante-20>_1453,"en moi un flatteur , vous pouvez en être assurée"
Delly_Le-candelabre-du-temple_<ma tante-20>_1461,"être assurée . . . Carolia , préparez - vous"
Delly_Le-candelabre-du-temple_<ma tante-20>_1467,", préparez - vous . Je vais jusque chez mon"
Delly_Le-candelabre-du-temple_<ma tante-20>_1471,. Je vais jusque chez mon père et je suis
Delly_Le-candelabre-du-temple_<ma tante-20>_1474,jusque chez mon père et je suis à vous dans
Delly_Le-candelabre-du-temple_<ma tante-20>_1477,père et je suis à vous dans dix minutes .
Delly_Le-candelabre-du-temple_<ma tante-20>_1482,vous dans dix minutes . Il se dirigea vers une
Delly_Le-candelabre-du-temple_<ma tante-20>_1489,"dirigea vers une porte qu' il ouvrit , traversa un"
Delly_Le-candelabre-du-temple_<ma tante-20>_1492,"porte qu' il ouvrit , traversa un salon décoré avec"
Delly_Le-candelabre-du-temple_<ma tante-20>_1504,"antique et sévère , et entra dans une galerie dallée"
Delly_Le-candelabre-du-temple_<ma tante-20>_1602,"et semblaient considérer avec orgueil ce jeune homme , leur"
Delly_Le-candelabre-du-temple_<ma tante-20>_1609,"homme , leur descendant , qui passait en ce moment"
Delly_Le-candelabre-du-temple_<ma tante-20>_1707,". En s' avançant , Siegbert demanda , sur un"
Delly_Le-candelabre-du-temple_<ma tante-20>_1727,"cet après - midi , mon père ?– Un peu"
Delly_Le-candelabre-du-temple_<ma tante-20>_1748,ne cesse de grelotter . Siegbert se pencha pour ramener
Delly_Le-candelabre-du-temple_<ma tante-20>_1754,se pencha pour ramener sur ses genoux la couverture qui
Delly_Le-candelabre-du-temple_<ma tante-20>_1769,". En même temps , il faisait observer :– Frileux"
Delly_Le-candelabre-du-temple_<ma tante-20>_1788,"que dans cette galerie , me semble - t -"
Delly_Le-candelabre-du-temple_<ma tante-20>_1792,", me semble - t - il . – Non"
Delly_Le-candelabre-du-temple_<ma tante-20>_1833,"encore grondé ce matin pour votre imprudence , n' est"
Delly_Le-candelabre-du-temple_<ma tante-20>_1842,"est - ce pas , mon père ? dit Siegbert"
Delly_Le-candelabre-du-temple_<ma tante-20>_1846,", mon père ? dit Siegbert en attirant à lui"
Delly_Le-candelabre-du-temple_<ma tante-20>_1850,dit Siegbert en attirant à lui une chaise pour s'
Delly_Le-candelabre-du-temple_<ma tante-20>_1860,asseoir près du malade . M . de Hornstedt eut
Delly_Le-candelabre-du-temple_<ma tante-20>_1874,"sourire . – Il ne me le pardonnera pas ,"
Delly_Le-candelabre-du-temple_<ma tante-20>_1884,Siegbert ! Pauvre Blück ! il roulait des yeux furieux
Delly_Le-candelabre-du-temple_<ma tante-20>_1894,! . . . Mais je . . . je
Delly_Le-candelabre-du-temple_<ma tante-20>_1898,Mais je . . . je ne pouvais éviter ce
Delly_Le-candelabre-du-temple_<ma tante-20>_1927,énorme . Les lèvres de Siegbert eurent un plissement de
Delly_Le-candelabre-du-temple_<ma tante-20>_1935,plissement de dédain . – Je ne pourrai jamais admettre
Delly_Le-candelabre-du-temple_<ma tante-20>_1943,"jamais admettre que , dans votre état de santé ,"
Delly_Le-candelabre-du-temple_<ma tante-20>_1948,"votre état de santé , vous entrepreniez ce voyage pour"
Delly_Le-candelabre-du-temple_<ma tante-20>_1970,était mourant . . . Je ne pouvais lui refuser
Delly_Le-candelabre-du-temple_<ma tante-20>_1981,. . . La voix du comte devenait un peu
Delly_Le-candelabre-du-temple_<ma tante-20>_1992,et des frémissements passaient sur son visage . – .
Delly_Le-candelabre-du-temple_<ma tante-20>_2002,". . Il a été mon ami , et m'"
Delly_Le-candelabre-du-temple_<ma tante-20>_2006,"été mon ami , et m' a rendu autrefois un"
Delly_Le-candelabre-du-temple_<ma tante-20>_2019,. un immense service . Je ne puis oublier .
Delly_Le-candelabre-du-temple_<ma tante-20>_2028,. . . Aussi ai - je cédé à un
Delly_Le-candelabre-du-temple_<ma tante-20>_2051,tuteur de ses filles . Siegbert eut un brusque mouvement
Delly_Le-candelabre-du-temple_<ma tante-20>_2068,? . . . Et vous avez accepté ?– Il
Delly_Le-candelabre-du-temple_<ma tante-20>_2078,"le fallait . . . Tu comprends , à un"
Delly_Le-candelabre-du-temple_<ma tante-20>_2120,"un d' autre plutôt que moi , voué à une"
Delly_Le-candelabre-du-temple_<ma tante-20>_2137,dites pas cela ! interrompit Siegbert avec une sorte d'
Delly_Le-candelabre-du-temple_<ma tante-20>_2148,". Les coins des lèvres du malade s' abaissèrent ,"
Delly_Le-candelabre-du-temple_<ma tante-20>_2158,un douloureux abattement apparut sur sa physionomie ravagée par la
Delly_Le-candelabre-du-temple_<ma tante-20>_2165,ravagée par la maladie qui le minait depuis de longs
Delly_Le-candelabre-du-temple_<ma tante-20>_2177,"– C' est ainsi , mon enfant . Il faut"
Delly_Le-candelabre-du-temple_<ma tante-20>_2191,l' inévitable . . . Je disais donc que Würmstein
Delly_Le-candelabre-du-temple_<ma tante-20>_2196,Je disais donc que Würmstein m' avait confié la tutelle
Delly_Le-candelabre-du-temple_<ma tante-20>_2208,deux enfants . . . Siegbert se leva d' un
Delly_Le-candelabre-du-temple_<ma tante-20>_2217,un mouvement si vif que sa chaise tomba à terre
Delly_Le-candelabre-du-temple_<ma tante-20>_2229,"Mais c' est inacceptable ! Vous , le tuteur des"
Delly_Le-candelabre-du-temple_<ma tante-20>_2231,"est inacceptable ! Vous , le tuteur des filles de"
Delly_Le-candelabre-du-temple_<ma tante-20>_2261,"a nom Eliezer Onbacz !– Siegbert , tu me fais"
Delly_Le-candelabre-du-temple_<ma tante-20>_2263,"Eliezer Onbacz !– Siegbert , tu me fais mal !"
Delly_Le-candelabre-du-temple_<ma tante-20>_2264,"Onbacz !– Siegbert , tu me fais mal ! murmura"
Delly_Le-candelabre-du-temple_<ma tante-20>_2273,"murmura une voix éteinte . Le malade était livide ,"
Delly_Le-candelabre-du-temple_<ma tante-20>_2279,"malade était livide , et son regard témoignait d' une"
Delly_Le-candelabre-du-temple_<ma tante-20>_2288,une si étrange souffrance que Siegbert en fut effrayé .
Delly_Le-candelabre-du-temple_<ma tante-20>_2296,"effrayé . – Pardon , mon père ! dit -"
Delly_Le-candelabre-du-temple_<ma tante-20>_2300,", mon père ! dit - il d' une voix"
Delly_Le-candelabre-du-temple_<ma tante-20>_2315,la main du comte . Je vous ai dit un
Delly_Le-candelabre-du-temple_<ma tante-20>_2323,"dit un peu trop vivement ma pensée , oubliant que"
Delly_Le-candelabre-du-temple_<ma tante-20>_2332,que vous aviez fait à cet homme le très grand
Delly_Le-candelabre-du-temple_<ma tante-20>_2339,le très grand honneur de lui conserver un peu de
Delly_Le-candelabre-du-temple_<ma tante-20>_2354,"Mais enfin , n' aurait - il pu confier cette"
Delly_Le-candelabre-du-temple_<ma tante-20>_2366,des parents ?– Les siens l' ont renié ; du
Delly_Le-candelabre-du-temple_<ma tante-20>_2373,"renié ; du côté de sa femme , il n'"
Delly_Le-candelabre-du-temple_<ma tante-20>_2376,"côté de sa femme , il n' avait plus que"
Delly_Le-candelabre-du-temple_<ma tante-20>_2381,"il n' avait plus que son beau - père ,"
Delly_Le-candelabre-du-temple_<ma tante-20>_2403,"vue moral que fût devenu ce pauvre Karl , il"
Delly_Le-candelabre-du-temple_<ma tante-20>_2407,"devenu ce pauvre Karl , il n' aurait jamais voulu"
Delly_Le-candelabre-du-temple_<ma tante-20>_2416,voulu mettre l' éducation de ses filles en de telles
Delly_Le-candelabre-du-temple_<ma tante-20>_2439,de pareils rejetons ! murmura le jeune homme d' un
Delly_Le-candelabre-du-temple_<ma tante-20>_2449,ton de mépris railleur . Il fit quelques pas le
Delly_Le-candelabre-du-temple_<ma tante-20>_2465,que le comte détournait de lui son regard où passait
Delly_Le-candelabre-du-temple_<ma tante-20>_2479,. – Et qu' allez - vous faire de ces
Delly_Le-candelabre-du-temple_<ma tante-20>_2488,ces intéressantes pupilles ? demanda Siegbert en revenant à son
Delly_Le-candelabre-du-temple_<ma tante-20>_2492,demanda Siegbert en revenant à son père . – Elles
Delly_Le-candelabre-du-temple_<ma tante-20>_2526,la religion juive . Würmstein m' a déclaré qu' il
Delly_Le-candelabre-du-temple_<ma tante-20>_2546,une autre et qu' il me laissait libre à ce
Delly_Le-candelabre-du-temple_<ma tante-20>_2570,la tutelle se bornera pour vous à une lointaine surveillance
Delly_Le-candelabre-du-temple_<ma tante-20>_2595,dot de leur mère . Siegbert eut un geste de
Delly_Le-candelabre-du-temple_<ma tante-20>_2645,tellement blême et contracté que Siegbert s' effraya de nouveau
Delly_Le-candelabre-du-temple_<ma tante-20>_2652,"effraya de nouveau . – Mon père , la conversation"
Delly_Le-candelabre-du-temple_<ma tante-20>_2657,"Mon père , la conversation vous fatigue . Je vais"
Delly_Le-candelabre-du-temple_<ma tante-20>_2660,la conversation vous fatigue . Je vais me retirer pour
Delly_Le-candelabre-du-temple_<ma tante-20>_2665,Je vais me retirer pour vous laisser reposer . –
Delly_Le-candelabre-du-temple_<ma tante-20>_2676,", c' est cela , mon enfant . Dis seulement"
Delly_Le-candelabre-du-temple_<ma tante-20>_2735,Abeilles jusqu' à ce que j' aie fait choix pour
Delly_Le-candelabre-du-temple_<ma tante-20>_2755,venu sera suffisant ! déclara Siegbert avec dédain . Il
Delly_Le-candelabre-du-temple_<ma tante-20>_2759,déclara Siegbert avec dédain . Il ramassa le journal qui
Delly_Le-candelabre-du-temple_<ma tante-20>_2770,glissé à terre et le posa sur la couverture .
Delly_Le-candelabre-du-temple_<ma tante-20>_2776,sur la couverture . – Tu vas sortir ? demanda
Delly_Le-candelabre-du-temple_<ma tante-20>_2781,Tu vas sortir ? demanda le comte . – Oui
Delly_Le-candelabre-du-temple_<ma tante-20>_2788,". – Oui , Carolia m' a demandé de l'"
Delly_Le-candelabre-du-temple_<ma tante-20>_2797,l' accompagner . Les traits du malade se crispèrent .
Delly_Le-candelabre-du-temple_<ma tante-20>_2806,". . . Sans regarder son fils , M ."
Delly_Le-candelabre-du-temple_<ma tante-20>_2809,"Sans regarder son fils , M . de Hornstedt dit"
Delly_Le-candelabre-du-temple_<ma tante-20>_2823,hésitant et troublé :– Es - tu encore dans les
Delly_Le-candelabre-du-temple_<ma tante-20>_2834,"idées à son sujet , Siegbert ?– Mais certainement ."
Delly_Le-candelabre-du-temple_<ma tante-20>_2840,?– Mais certainement . Pourquoi me demandez - vous cela
Delly_Le-candelabre-du-temple_<ma tante-20>_2842,"certainement . Pourquoi me demandez - vous cela , mon"
Delly_Le-candelabre-du-temple_<ma tante-20>_2846,"demandez - vous cela , mon père ?Les doigts du"
Delly_Le-candelabre-du-temple_<ma tante-20>_2850,", mon père ?Les doigts du malade caressèrent machinalement ,"
Delly_Le-candelabre-du-temple_<ma tante-20>_2867,de la couverture . – Je crains que sa nature
Delly_Le-candelabre-du-temple_<ma tante-20>_2919,pas les limites permises . Je suis d' ailleurs persuadé
Delly_Le-candelabre-du-temple_<ma tante-20>_2931,se laissera facilement guider par moi . . . et
Delly_Le-candelabre-du-temple_<ma tante-20>_2939,". et déjà , il me semble qu' elle manifeste"
Delly_Le-candelabre-du-temple_<ma tante-20>_2949,des goûts plus sérieux . Ma tante l' a toujours
Delly_Le-candelabre-du-temple_<ma tante-20>_2979,"donné surtout son affection pour moi , qui la rend"
Delly_Le-candelabre-du-temple_<ma tante-20>_2987,la rend très docile à mes conseils . – Mais
Delly_Le-candelabre-du-temple_<ma tante-20>_3030,"sans doute ! dit négligemment Siegbert . Au reste ,"
Delly_Le-candelabre-du-temple_<ma tante-20>_3042,"d' argent est secondaire . J' aime Carolia , c'"
Delly_Le-candelabre-du-temple_<ma tante-20>_3052,"est donc elle qui sera ma femme , ainsi qu'"
Delly_Le-candelabre-du-temple_<ma tante-20>_3067,tacitement depuis notre enfance . M . de Hornstedt courba
Delly_Le-candelabre-du-temple_<ma tante-20>_3077,un peu la tête et saisit son journal entre ses
Delly_Le-candelabre-du-temple_<ma tante-20>_3078,peu la tête et saisit son journal entre ses doigts
Delly_Le-candelabre-du-temple_<ma tante-20>_3081,et saisit son journal entre ses doigts plus tremblants que
Delly_Le-candelabre-du-temple_<ma tante-20>_3089,tremblants que jamais . – Vous ne voulez pas que
Delly_Le-candelabre-du-temple_<ma tante-20>_3094,Vous ne voulez pas que je reste près de vous
Delly_Le-candelabre-du-temple_<ma tante-20>_3098,"que je reste près de vous , mon père ?"
Delly_Le-candelabre-du-temple_<ma tante-20>_3100,"reste près de vous , mon père ? demanda Siegbert"
Delly_Le-candelabre-du-temple_<ma tante-20>_3104,", mon père ? demanda Siegbert , visiblement inquiet ."
Delly_Le-candelabre-du-temple_<ma tante-20>_3114,"– Non , merci , mon enfant . Je vais"
Delly_Le-candelabre-du-temple_<ma tante-20>_3117,"merci , mon enfant . Je vais me reposer un"
Delly_Le-candelabre-du-temple_<ma tante-20>_3132,"et ces petites filles . Va , profite de ce"
Delly_Le-candelabre-du-temple_<ma tante-20>_3134,"petites filles . Va , profite de ce rayon de"
Delly_Le-candelabre-du-temple_<ma tante-20>_3145,. . . profite de tes heures de bonheur .
Delly_Le-candelabre-du-temple_<ma tante-20>_3170,"long de la galerie , Siegbert songea douloureusement :« Ce"
Delly_Le-candelabre-du-temple_<ma tante-20>_3188,. . Il faudra que je sache absolument demain ce
Delly_Le-candelabre-du-temple_<ma tante-20>_3204,"Dix minutes plus tard , Siegbert et Mlle d' Eichten"
Delly_Le-candelabre-du-temple_<ma tante-20>_3350,peu après la naissance de Siegbert . Elle amenait avec
Delly_Le-candelabre-du-temple_<ma tante-20>_3400,"traitée comme la sœur de Siegbert et , de trois"
Delly_Le-candelabre-du-temple_<ma tante-20>_3410,"ans seulement moins âgée que celui - ci , elle"
Delly_Le-candelabre-du-temple_<ma tante-20>_3416,"- ci , elle devint sa compagne de jeux ."
Delly_Le-candelabre-du-temple_<ma tante-20>_3450,Eichten deviendrait la femme de l' héritier des Hornstedt .
Delly_Le-candelabre-du-temple_<ma tante-20>_3478,"mariage pour sa filleule . Siegbert , de nature très"
Delly_Le-candelabre-du-temple_<ma tante-20>_3505,"à toutes ses volontés . Lui , assez froid d'"
Delly_Le-candelabre-du-temple_<ma tante-20>_3516,", et facilement ironique , lui laissait pourtant voir parfois"
Delly_Le-candelabre-du-temple_<ma tante-20>_3528,"un peu dominatrice qu' elle lui inspirait . Néanmoins ,"
Delly_Le-candelabre-du-temple_<ma tante-20>_3549,", d' engagement formel . Siegbert , en ces dernières"
Delly_Le-candelabre-du-temple_<ma tante-20>_3572,"mois à Vienne , où son père ne mettait plus"
Delly_Le-candelabre-du-temple_<ma tante-20>_3597,temps . Mais les idées du jeune comte n' avaient
Delly_Le-candelabre-du-temple_<ma tante-20>_3621,la déclaration fort nette qu' il venait de faire au
Delly_Le-candelabre-du-temple_<ma tante-20>_3642,telle perspective . Bien que Siegbert n' eût que vingt
Delly_Le-candelabre-du-temple_<ma tante-20>_3651,"vingt - trois ans , il était déjà fort recherché"
Delly_Le-candelabre-du-temple_<ma tante-20>_3662,tant pour le charme de sa personne que pour son
Delly_Le-candelabre-du-temple_<ma tante-20>_3666,"de sa personne que pour son nom , l' un"
Delly_Le-candelabre-du-temple_<ma tante-20>_3744,"elle se trouvait près de lui , et par les"
Delly_Le-candelabre-du-temple_<ma tante-20>_3753,les tendres regards qu' elle lui adressait . – Ainsi
Delly_Le-candelabre-du-temple_<ma tante-20>_3768,"tout à l' heure , Siegbert ? demanda - t"
Delly_Le-candelabre-du-temple_<ma tante-20>_3794,et surtout étrangement impressionnable . J' ai cru qu' il
Delly_Le-candelabre-du-temple_<ma tante-20>_3798,". J' ai cru qu' il allait perdre connaissance ,"
Delly_Le-candelabre-du-temple_<ma tante-20>_3805,"perdre connaissance , parce que je lui disais avec un"
Delly_Le-candelabre-du-temple_<ma tante-20>_3806,"connaissance , parce que je lui disais avec un peu"
Delly_Le-candelabre-du-temple_<ma tante-20>_3813,avec un peu de vivacité ma façon de penser au
Delly_Le-candelabre-du-temple_<ma tante-20>_3881,"À quoi donc a pensé votre père , Siegbert ,"
Delly_Le-candelabre-du-temple_<ma tante-20>_3884,"a pensé votre père , Siegbert , en acceptant pareille"
Delly_Le-candelabre-du-temple_<ma tante-20>_3900,geste qui signifiait : « Je n' y comprends rien
Delly_Le-candelabre-du-temple_<ma tante-20>_3909,"rien ! » Machinalement , il cueillit au passage une"
Delly_Le-candelabre-du-temple_<ma tante-20>_3918,une feuille de noisetier qu' il pétrit entre ses doigts
Delly_Le-candelabre-du-temple_<ma tante-20>_3921,noisetier qu' il pétrit entre ses doigts . Carolia demanda
Delly_Le-candelabre-du-temple_<ma tante-20>_3928,. Carolia demanda :– Savez - vous quel âge ont
Delly_Le-candelabre-du-temple_<ma tante-20>_3936,âge ont ces enfants ?– Je vous avoue que je
Delly_Le-candelabre-du-temple_<ma tante-20>_3940,?– Je vous avoue que je n' ai pas eu
Delly_Le-candelabre-du-temple_<ma tante-20>_3955,informer . Ces petites créatures me sont horriblement antipathiques sans
Delly_Le-candelabre-du-temple_<ma tante-20>_3983,qui doit les amener à mon père tout à l'
Delly_Le-candelabre-du-temple_<ma tante-20>_4007,Oh ! certes non ! Mon père veut simplement les
Delly_Le-candelabre-du-temple_<ma tante-20>_4014,"veut simplement les connaître , je suppose . Elles demeureront"
Delly_Le-candelabre-du-temple_<ma tante-20>_4109,"de ces enfants , ajouta Siegbert , après un moment"
Delly_Le-candelabre-du-temple_<ma tante-20>_4120,"réflexion . Mais enfin , j' aurais voulu voir choisir"
Delly_Le-candelabre-du-temple_<ma tante-20>_4130,"quelqu' un d' autre que mon père , pour cette"
Delly_Le-candelabre-du-temple_<ma tante-20>_4197,moi plutôt combien de temps vous pensez rester à Marienbad
Delly_Le-candelabre-du-temple_<ma tante-20>_4205,à Marienbad ?– Le sais - je ? Cela dépendra
Delly_Le-candelabre-du-temple_<ma tante-20>_4224,Hultz et sa femme à me retenir . – Et
Delly_Le-candelabre-du-temple_<ma tante-20>_4236,ou moins d' agrément que vous trouverez là - bas
Delly_Le-candelabre-du-temple_<ma tante-20>_4243,"là - bas , ajouta Siegbert , avec un léger"
Delly_Le-candelabre-du-temple_<ma tante-20>_4254,ironique . Elle leva sur lui un regard de reproche
Delly_Le-candelabre-du-temple_<ma tante-20>_4261,regard de reproche . – Vous savez bien que cela
Delly_Le-candelabre-du-temple_<ma tante-20>_4272,ne serait pas capable de me retenir loin de Hoendeck
Delly_Le-candelabre-du-temple_<ma tante-20>_4279,loin de Hoendeck ! Si je n' avais craint de
Delly_Le-candelabre-du-temple_<ma tante-20>_4285,"n' avais craint de mécontenter mon tuteur , avec quelle"
Delly_Le-candelabre-du-temple_<ma tante-20>_4291,"tuteur , avec quelle satisfaction je lui aurais répondu par"
Delly_Le-candelabre-du-temple_<ma tante-20>_4318,"gris . – Fi ! comte de Hornstedt , vous"
Delly_Le-candelabre-du-temple_<ma tante-20>_4322,"! comte de Hornstedt , vous semblez douter de moi"
Delly_Le-candelabre-du-temple_<ma tante-20>_4326,", vous semblez douter de moi ! dit - elle"
Delly_Le-candelabre-du-temple_<ma tante-20>_4329,douter de moi ! dit - elle avec un coquet
Delly_Le-candelabre-du-temple_<ma tante-20>_4342,. Faut - il donc vous avouer que je vais
Delly_Le-candelabre-du-temple_<ma tante-20>_4345,il donc vous avouer que je vais trouver les journées
Delly_Le-candelabre-du-temple_<ma tante-20>_4359,"- bas , et que je compterai les heures ?Il"
Delly_Le-candelabre-du-temple_<ma tante-20>_4374,", mi - railleur :– J' espère que non !"
Delly_Le-candelabre-du-temple_<ma tante-20>_4408,". . . Oh ! Siegbert , vous savez bien"
Delly_Le-candelabre-du-temple_<ma tante-20>_4410,". Oh ! Siegbert , vous savez bien . ."
Delly_Le-candelabre-du-temple_<ma tante-20>_4424,des regards s' attachait sur le jeune comte . Celui
Delly_Le-candelabre-du-temple_<ma tante-20>_4428,"sur le jeune comte . Celui - ci , dont"
Delly_Le-candelabre-du-temple_<ma tante-20>_4432,". Celui - ci , dont une réelle émotion adoucissait"
Delly_Le-candelabre-du-temple_<ma tante-20>_4444,", prit la main de Carolia qu' il porta à"
Delly_Le-candelabre-du-temple_<ma tante-20>_4445,prit la main de Carolia qu' il porta à ses
Delly_Le-candelabre-du-temple_<ma tante-20>_4446,la main de Carolia qu' il porta à ses lèvres
Delly_Le-candelabre-du-temple_<ma tante-20>_4449,Carolia qu' il porta à ses lèvres . Pendant quelques
Delly_Le-candelabre-du-temple_<ma tante-20>_4479,de nuages sombres et bientôt Siegbert fit observer :– Je
Delly_Le-candelabre-du-temple_<ma tante-20>_4483,bientôt Siegbert fit observer :– Je crois qu' il serait
Delly_Le-candelabre-du-temple_<ma tante-20>_4569,là - bas ? demanda Carolia . On dirait Sulzer
Delly_Le-candelabre-du-temple_<ma tante-20>_4610,"qui semble contrefaite , si ma vue ne m' abuse"
Delly_Le-candelabre-du-temple_<ma tante-20>_4613,", si ma vue ne m' abuse pas . –"
Delly_Le-candelabre-du-temple_<ma tante-20>_4626,". . Voyez donc , Carolia , cette pauvre Sulzer"
Delly_Le-candelabre-du-temple_<le comte Athory-417>_9899,. . Mais voici que le comte Athory – bon
Delly_Le-candelabre-du-temple_<le comte Athory-417>_9906,"Athory – bon observateur , son cousin le savait –"
Delly_Le-candelabre-du-temple_<le comte Athory-417>_9925,"mondaine , très coquette – il l' insinuait discrètement –"
Delly_Le-candelabre-du-temple_<le comte Athory-417>_9944,"de Hoendeck . Or , Siegbert avait en horreur toute"
Delly_Le-candelabre-du-temple_<le comte Athory-417>_9966,"de ses succès mondains , il ne lui en eût"
Delly_Le-candelabre-du-temple_<le comte Athory-417>_9995,les limites permises . Car il ne la tenait pas
Delly_Le-candelabre-du-temple_<le comte Athory-417>_10031,de Hornstedt et pour laquelle il éprouvait un réel attachement
Delly_Le-candelabre-du-temple_<le comte Athory-417>_10044,de la grande passion . Il était disposé à l'
Delly_Le-candelabre-du-temple_<le comte Athory-417>_10059,en considération des qualités qu' il découvrait en elle ;
Delly_Le-candelabre-du-temple_<le comte Athory-417>_10073,"ne pouvait trouver grâce devant lui . Or , si"
Delly_Le-candelabre-du-temple_<le comte Athory-417>_10113,". Les sourcils froncés , Siegbert reprit la lettre de"
Delly_Le-candelabre-du-temple_<le comte Athory-417>_10118,Siegbert reprit la lettre de son cousin . . .
Delly_Le-candelabre-du-temple_<le comte Athory-417>_10127,". Au dernier paragraphe , son attention fut retenue plus"
Delly_Le-candelabre-du-temple_<le comte Athory-417>_10143,"est - ce donc , mon cher ami , que"
Delly_Le-candelabre-du-temple_<le comte Athory-417>_10155,dont M . de Hultz m' a entretenu hier ?
Delly_Le-candelabre-du-temple_<le comte Athory-417>_10170,catastrophe financière imminente engloutissant toute votre fortune ? Le tuteur
Delly_Le-candelabre-du-temple_<le comte Athory-417>_10188,de source sûre ; mais je n' en veux rien
Delly_Le-candelabre-du-temple_<le comte Athory-417>_10197,"rien croire encore . Rassure - moi vite , mon"
Delly_Le-candelabre-du-temple_<le comte Athory-417>_10201,"Rassure - moi vite , mon cher Siegbert , et"
Delly_Le-candelabre-du-temple_<le comte Athory-417>_10207,"cher Siegbert , et si je puis t' être utile"
Delly_Le-candelabre-du-temple_<le comte Athory-417>_10209,", et si je puis t' être utile , use"
Delly_Le-candelabre-du-temple_<le comte Athory-417>_10215,"être utile , use de moi , de mes biens"
Delly_Le-candelabre-du-temple_<le comte Athory-417>_10218,"use de moi , de mes biens , hélas !"
Delly_Le-candelabre-du-temple_<le comte Athory-417>_10227,"! malheureusement diminués , car mon pauvre père en a"
Delly_Le-candelabre-du-temple_<le comte Athory-417>_10246,misérable Eliezer Onhacz . »« Excellent Mathias ! songea Siegbert
Delly_Le-candelabre-du-temple_<le comte Athory-417>_10247,Eliezer Onhacz . »« Excellent Mathias ! songea Siegbert avec
Delly_Le-candelabre-du-temple_<le comte Athory-417>_10250,»« Excellent Mathias ! songea Siegbert avec émotion . Mais
Delly_Le-candelabre-du-temple_<le comte Athory-417>_10279,épreuve nous soit épargnée ! Mon père ne pourrait la
Delly_Le-candelabre-du-temple_<le comte Athory-417>_10320,la physionomie bouleversée . – Votre Seigneurie veut - elle
Delly_Le-candelabre-du-temple_<le comte Athory-417>_10337,plus mal . . . Siegbert se précipita vers l'
Delly_Le-candelabre-du-temple_<le comte Athory-417>_10344,précipita vers l' appartement de son père . M .
Delly_Le-candelabre-du-temple_<le comte Athory-417>_10366,air de ses bras en l' apercevant . – C'
Delly_Le-candelabre-du-temple_<le comte Athory-417>_10381,"ruinés , bégaya - t - il . Et il"
Delly_Le-candelabre-du-temple_<le comte Athory-417>_10385,"t - il . Et il tomba sans connaissance ,"
Delly_Le-candelabre-du-temple_<le comte Athory-417>_10397,crispés sur la lettre qui lui annonçait la catastrophe .
Delly_Le-candelabre-du-temple_<le comte Athory-417>_10419,sur lequel l' avaient porté Siegbert et le vieux serviteur
Delly_Le-candelabre-du-temple_<le comte Athory-417>_10465,du château était venu donner au mourant les derniers sacrements
Delly_Le-candelabre-du-temple_<le comte Athory-417>_10478,restait plus maintenant près de lui que sa belle -
Delly_Le-candelabre-du-temple_<le comte Athory-417>_10480,maintenant près de lui que sa belle - sœur et
Delly_Le-candelabre-du-temple_<le comte Athory-417>_10490,"son fils . . . Siegbert , à mi -"
Delly_Le-candelabre-du-temple_<le comte Athory-417>_10506,":– Allez vous reposer , ma tante . Je ne"
Delly_Le-candelabre-du-temple_<le comte Athory-417>_10509,"reposer , ma tante . Je ne quitterai pas mon"
Delly_Le-candelabre-du-temple_<le comte Athory-417>_10513,. Je ne quitterai pas mon père . – Eh
Delly_Le-candelabre-du-temple_<le comte Athory-417>_10596,"Hornstedt quitta la chambre où Siegbert demeura seul , absorbé"
Delly_Le-candelabre-du-temple_<le comte Athory-417>_10602,"demeura seul , absorbé dans ses pensées douloureuses , les"
Delly_Le-candelabre-du-temple_<le comte Athory-417>_10622,"dans l' oreiller . Sous son apparence froide , il"
Delly_Le-candelabre-du-temple_<le comte Athory-417>_10626,"Sous son apparence froide , il aimait vivement ce père"
Delly_Le-candelabre-du-temple_<le comte Athory-417>_10629,"froide , il aimait vivement ce père qui avait pour"
Delly_Le-candelabre-du-temple_<le comte Athory-417>_10631,il aimait vivement ce père qui avait pour lui une
Delly_Le-candelabre-du-temple_<le comte Athory-417>_10634,"ce père qui avait pour lui une ardente affection ,"
Delly_Le-candelabre-du-temple_<le comte Athory-417>_10643,", et , volontiers , il excusait des torts qu'"
Delly_Le-candelabre-du-temple_<le comte Athory-417>_10648,"il excusait des torts qu' il avait devinés , en"
Delly_Le-candelabre-du-temple_<le comte Athory-417>_10666,la générosité sans limites de celui qui allait le quitter
Delly_Le-candelabre-du-temple_<le comte Athory-417>_10667,générosité sans limites de celui qui allait le quitter .
Delly_Le-candelabre-du-temple_<le comte Athory-417>_10669,limites de celui qui allait le quitter . Les paupières
Delly_Le-candelabre-du-temple_<le comte Athory-417>_10674,"le quitter . Les paupières du mourant , tout à"
Delly_Le-candelabre-du-temple_<le comte Athory-417>_10685,", se soulevèrent , et Siegbert rencontra son regard plein"
Delly_Le-candelabre-du-temple_<le comte Athory-417>_10687,"soulevèrent , et Siegbert rencontra son regard plein d' angoisse"
Delly_Le-candelabre-du-temple_<le comte Athory-417>_10693,regard plein d' angoisse . Le jeune homme se pencha
Delly_Le-candelabre-du-temple_<le comte Athory-417>_10702,"pencha en demandant :– Désirez - vous quelque chose ,"
Delly_Le-candelabre-du-temple_<le comte Athory-417>_10707,"- vous quelque chose , cher père ?– Je veux"
Delly_Le-candelabre-du-temple_<le comte Athory-417>_10710,"chose , cher père ?– Je veux te parler ."
Delly_Le-candelabre-du-temple_<le comte Athory-417>_10712,cher père ?– Je veux te parler . . .
Delly_Le-candelabre-du-temple_<le comte Athory-417>_10723,"n' y a personne que toi , ici ?– Rien"
Delly_Le-candelabre-du-temple_<le comte Athory-417>_10729,", ici ?– Rien que moi , oui , mon"
Delly_Le-candelabre-du-temple_<le comte Athory-417>_10733,"que moi , oui , mon père . – Eh"
Delly_Le-candelabre-du-temple_<le comte Athory-417>_10747,". . Il faut que tu saches , maintenant ."
Delly_Le-candelabre-du-temple_<le comte Athory-417>_10754,", maintenant . . . Le comte parlait d' une"
Delly_Le-candelabre-du-temple_<le comte Athory-417>_10766,", un peu rauque . Sa main droite se crispait"
Delly_Le-candelabre-du-temple_<le comte Athory-417>_10775,crispait sur le drap et son teint blême se colorait
Delly_Le-candelabre-du-temple_<le comte Athory-417>_10804,"dix ans , alors que tu n' étais encore qu'"
Delly_Le-candelabre-du-temple_<le comte Athory-417>_10827,", à laquelle , disait - on , étaient mêlées"
Delly_Le-candelabre-du-temple_<le comte Athory-417>_10838,"hautes personnalités . . . Le comte s' interrompit ,"
Delly_Le-candelabre-du-temple_<le comte Athory-417>_10845,"s' interrompit , haletant . Sa main glacée , tremblante"
Delly_Le-candelabre-du-temple_<le comte Athory-417>_10857,"celle de Siegbert , et le jeune homme se sentit"
Delly_Le-candelabre-du-temple_<le comte Athory-417>_10876,"regard qui s' attachait à lui une poignante douleur ,"
Delly_Le-candelabre-du-temple_<le comte Athory-417>_10887,"sorte de désespoir . – Mon père , vous vous"
Delly_Le-candelabre-du-temple_<le comte Athory-417>_10890,". – Mon père , vous vous épuisez ! Ne"
Delly_Le-candelabre-du-temple_<le comte Athory-417>_10905,". Plus tard , quand vous serez mieux . ."
Delly_Le-candelabre-du-temple_<le comte Athory-417>_10929,"Dans cette horrible affaire , Siegbert , je me trouvais"
Delly_Le-candelabre-du-temple_<le comte Athory-417>_10931,"horrible affaire , Siegbert , je me trouvais au moment"
Delly_Le-candelabre-du-temple_<le comte Athory-417>_10942,être compromis . . . Siegbert eut un brusque mouvement
Delly_Le-candelabre-du-temple_<le comte Athory-417>_10951,mouvement de stupéfaction . – Vous ! . . .
Delly_Le-candelabre-du-temple_<le comte Athory-417>_10956,"Vous ! . . . vous !– Oui , moi"
Delly_Le-candelabre-du-temple_<le comte Athory-417>_10960,". vous !– Oui , moi , qui en ignorais"
Delly_Le-candelabre-du-temple_<le comte Athory-417>_10962,"!– Oui , moi , qui en ignorais cependant le"
Delly_Le-candelabre-du-temple_<le comte Athory-417>_10988,"utiliser quelques imprudences , dont je ne me souvenais même"
Delly_Le-candelabre-du-temple_<le comte Athory-417>_10998,"plus , mais qui devaient me donner aux yeux des"
Delly_Le-candelabre-du-temple_<le comte Athory-417>_11015,". . C' était pour moi , pour toi ,"
Delly_Le-candelabre-du-temple_<le comte Athory-417>_11018,"était pour moi , pour toi , le déshonneur ."
Delly_Le-candelabre-du-temple_<le comte Athory-417>_11026,"déshonneur . . . Comprends - tu , Siegbert ,"
Delly_Le-candelabre-du-temple_<le comte Athory-417>_11029,". Comprends - tu , Siegbert , comte de Hornstedt"
Delly_Le-candelabre-du-temple_<le comte Athory-417>_11031,"- tu , Siegbert , comte de Hornstedt ?– Ah"
Delly_Le-candelabre-du-temple_<le comte Athory-417>_11050,mille morts ! s' écria le jeune homme d' une
Delly_Le-candelabre-du-temple_<le comte Athory-417>_11061,"frémissante . Et alors , mon père . . ."
Delly_Le-candelabre-du-temple_<le comte Athory-417>_11075,il passé ?– Tandis que j' étais au paroxysme de
Delly_Le-candelabre-du-temple_<le comte Athory-417>_11101,"comte Karl Würmstein , autrefois mon ami , avec lequel"
Delly_Le-candelabre-du-temple_<le comte Athory-417>_11106,"mon ami , avec lequel je n' entretenais plus de"
Delly_Le-candelabre-du-temple_<le comte Athory-417>_11120,"mariage . « – Je t' apporte le salut ,"
Delly_Le-candelabre-du-temple_<le comte Athory-417>_11125,"t' apporte le salut , Chlodwig , me déclara -"
Delly_Le-candelabre-du-temple_<le comte Athory-417>_11127,"le salut , Chlodwig , me déclara - t -"
Delly_Le-candelabre-du-temple_<le comte Athory-417>_11145,"papiers qui – bien que tu sois innocent , j'"
Delly_Le-candelabre-du-temple_<le comte Athory-417>_11156,suis persuadé – suffiront pour te perdre . Eh bien
Delly_Le-candelabre-du-temple_<le comte Athory-417>_11170,"je les aurai , je te les rendrai , de"
Delly_Le-candelabre-du-temple_<le comte Athory-417>_11185,subsistera plus aucune preuve contre toi . « Je lui
Delly_Le-candelabre-du-temple_<le comte Athory-417>_11188,preuve contre toi . « Je lui saisis les mains
Delly_Le-candelabre-du-temple_<le comte Athory-417>_11194,lui saisis les mains en m' écriant :« – Tu
Delly_Le-candelabre-du-temple_<le comte Athory-417>_11198,"en m' écriant :« – Tu ferais cela , Karl"
Delly_Le-candelabre-du-temple_<le comte Athory-417>_11202,"– Tu ferais cela , Karl ? . . ."
Delly_Le-candelabre-du-temple_<le comte Athory-417>_11209,". . . Ah ! mon ami , toute ma"
Delly_Le-candelabre-du-temple_<le comte Athory-417>_11213,"! mon ami , toute ma reconnaissance , tout mon"
Delly_Le-candelabre-du-temple_<le comte Athory-417>_11217,"toute ma reconnaissance , tout mon dévouement seront à toi"
Delly_Le-candelabre-du-temple_<le comte Athory-417>_11221,"tout mon dévouement seront à toi , car tu me"
Delly_Le-candelabre-du-temple_<le comte Athory-417>_11224,"seront à toi , car tu me sauverais plus que"
Delly_Le-candelabre-du-temple_<le comte Athory-417>_11225,"à toi , car tu me sauverais plus que la"
Delly_Le-candelabre-du-temple_<le comte Athory-417>_11252,"une condition . . . Toi , comme les autres"
Delly_Le-candelabre-du-temple_<le comte Athory-417>_11266,"formes peut - être , tu as tourné le dos"
Delly_Le-candelabre-du-temple_<le comte Athory-417>_11283,"d' Eliezer Onhacz . Peu m' importe , car je"
Delly_Le-candelabre-du-temple_<le comte Athory-417>_11287,"Peu m' importe , car je ne me soucie guère"
Delly_Le-candelabre-du-temple_<le comte Athory-417>_11296,"guère de l' opinion de mes pairs , avec lesquels"
Delly_Le-candelabre-du-temple_<le comte Athory-417>_11302,"pairs , avec lesquels il m' a plu de rompre"
Delly_Le-candelabre-du-temple_<le comte Athory-417>_11310,de rompre complètement . Mais je veux que mes enfants
Delly_Le-candelabre-du-temple_<le comte Athory-417>_11313,. Mais je veux que mes enfants reprennent rang dans
Delly_Le-candelabre-du-temple_<le comte Athory-417>_11321,rang dans l' aristocratie . J' ai donc décidé que
Delly_Le-candelabre-du-temple_<le comte Athory-417>_11329,décidé que la fille qui m' est née l' année
Delly_Le-candelabre-du-temple_<le comte Athory-417>_11348,seize ans la femme de ton fils . »Siegbert bondit
Delly_Le-candelabre-du-temple_<le comte Athory-417>_11365,"fort ! . . . Il osait , le misérable"
Delly_Le-candelabre-du-temple_<le comte Athory-417>_11368,". . Il osait , le misérable !M . de"
Delly_Le-candelabre-du-temple_<le comte Athory-417>_11376,. de Hornstedt gémit :– Siegbert ! . . .
Delly_Le-candelabre-du-temple_<le comte Athory-417>_11387,enfant . . . – Vous l' avez traité comme
Delly_Le-candelabre-du-temple_<le comte Athory-417>_11388,. . . – Vous l' avez traité comme il
Delly_Le-candelabre-du-temple_<le comte Athory-417>_11392,"Vous l' avez traité comme il le méritait , n'"
Delly_Le-candelabre-du-temple_<le comte Athory-417>_11402,est - ce pas ? Vous lui avez montré votre
Delly_Le-candelabre-du-temple_<le comte Athory-417>_11403,- ce pas ? Vous lui avez montré votre mépris
Delly_Le-candelabre-du-temple_<le comte Athory-417>_11415,. . . – Tais - toi ! . .
Delly_Le-candelabre-du-temple_<le comte Athory-417>_11422,! . . . tais - toi ! Il exigeait
Delly_Le-candelabre-du-temple_<le comte Athory-417>_11425,". tais - toi ! Il exigeait mon serment ,"
Delly_Le-candelabre-du-temple_<le comte Athory-417>_11427,"- toi ! Il exigeait mon serment , contre lequel"
Delly_Le-candelabre-du-temple_<le comte Athory-417>_11433,"serment , contre lequel seulement il me remettrait les preuves"
Delly_Le-candelabre-du-temple_<le comte Athory-417>_11434,", contre lequel seulement il me remettrait les preuves ."
Delly_Le-candelabre-du-temple_<le comte Athory-417>_11441,les preuves . . . J' ai supplié ! .
Delly_Le-candelabre-du-temple_<le comte Athory-417>_11448,supplié ! . . . j' ai tout fait pour
Delly_Le-candelabre-du-temple_<le comte Athory-417>_11454,ai tout fait pour changer sa résolution . Il fut
Delly_Le-candelabre-du-temple_<le comte Athory-417>_11457,pour changer sa résolution . Il fut inébranlable . «
Delly_Le-candelabre-du-temple_<le comte Athory-417>_11465,. « – Jure que ton fils épousera ma fille
Delly_Le-candelabre-du-temple_<le comte Athory-417>_11468,Jure que ton fils épousera ma fille . . .
Delly_Le-candelabre-du-temple_<le comte Athory-417>_11488,"la perspective du déshonneur , je finis par faire le"
Delly_Le-candelabre-du-temple_<le comte Athory-417>_11507,s' échappa des lèvres de Siegbert . Le jeune homme
Delly_Le-candelabre-du-temple_<le comte Athory-417>_11509,"des lèvres de Siegbert . Le jeune homme , debout"
Delly_Le-candelabre-du-temple_<le comte Athory-417>_11528,sur le visage décomposé de son père des yeux pleins
Delly_Le-candelabre-du-temple_<le comte Athory-417>_11540,et de révolte . – Vous avez juré cela ?
Delly_Le-candelabre-du-temple_<le comte Athory-417>_11551,"abominable chose ?Le comte étendit ses doigts exsangues , pour"
Delly_Le-candelabre-du-temple_<le comte Athory-417>_11562,de saisir la main de son fils . Il implora
Delly_Le-candelabre-du-temple_<le comte Athory-417>_11565,main de son fils . Il implora d' une voix
Delly_Le-candelabre-du-temple_<le comte Athory-417>_11574,"voix étranglée :– Pardon , mon enfant bien - aimé"
Delly_Le-candelabre-du-temple_<le comte Athory-417>_11582,- aimé ! C' est toi qui porteras le poids
Delly_Le-candelabre-du-temple_<le comte Athory-417>_11601,notre race . Mais pouvais - je agir autrement ?
Delly_Le-candelabre-du-temple_<le comte Athory-417>_11610,"? . . . Dis - le , Siegbert ?"
Delly_Le-candelabre-du-temple_<le comte Athory-417>_11613,". Dis - le , Siegbert ? . . ."
Delly_Le-candelabre-du-temple_<le comte Athory-417>_11622,". Dis , le pouvais - je ?Le jeune homme"
Delly_Le-candelabre-du-temple_<le comte Athory-417>_11631,"homme , aussi pâle que le mourant , étendit le"
Delly_Le-candelabre-du-temple_<le comte Athory-417>_11655,ne se fera ! dit - il avec une sourde
Delly_Le-candelabre-du-temple_<le comte Athory-417>_11664,sourde véhémence . Comment avez - vous pu penser que
Delly_Le-candelabre-du-temple_<le comte Athory-417>_11669,- vous pu penser que je céderais à la grotesque
Delly_Le-candelabre-du-temple_<le comte Athory-417>_11676,à la grotesque exigence de cet homme ? . .
Delly_Le-candelabre-du-temple_<le comte Athory-417>_11707,"déshonneur aussi , cela ! Vous n' y avez donc"
Delly_Le-candelabre-du-temple_<le comte Athory-417>_11715,"avez donc pas songé , mon père ?– Si ."
Delly_Le-candelabre-du-temple_<le comte Athory-417>_11736,"heure de ce mariage , tu iras vivre à l'"
Delly_Le-candelabre-du-temple_<le comte Athory-417>_11744,"à l' étranger , avec ta femme . Là ,"
Delly_Le-candelabre-du-temple_<le comte Athory-417>_11762,. . . – Et je pourrai y vivre largement
Delly_Le-candelabre-du-temple_<le comte Athory-417>_11781,. . La voix de Siegbert tremblait d' indignation .
Delly_Le-candelabre-du-temple_<le comte Athory-417>_11786,Siegbert tremblait d' indignation . M . de Hornstedt balbutia
Delly_Le-candelabre-du-temple_<le comte Athory-417>_11796,":– Non , non , tu laisseras la fortune ."
Delly_Le-candelabre-du-temple_<le comte Athory-417>_11809,"il faut . . . Siegbert , quoi qu' il"
Delly_Le-candelabre-du-temple_<le comte Athory-417>_11815,", quoi qu' il puisse t' en coûter . Souviens"
Delly_Le-candelabre-du-temple_<le comte Athory-417>_11820,t' en coûter . Souviens - toi que si j'
Delly_Le-candelabre-du-temple_<le comte Athory-417>_11824,"Souviens - toi que si j' avais refusé , ton"
Delly_Le-candelabre-du-temple_<le comte Athory-417>_11828,"si j' avais refusé , ton nom serait aujourd' hui"
Delly_Le-candelabre-du-temple_<le comte Athory-417>_11842,celui d' un traître . Siegbert s' écria violemment :–
Delly_Le-candelabre-du-temple_<le comte Athory-417>_11847,Siegbert s' écria violemment :– Je n' ai pas à
Delly_Le-candelabre-du-temple_<le comte Athory-417>_11856,à remplir une promesse qui vous a été arrachée dans
Delly_Le-candelabre-du-temple_<le comte Athory-417>_11873,!– Une promesse faite sur mon honneur ! . .
Delly_Le-candelabre-du-temple_<le comte Athory-417>_11880,! . . . Souviens - toi que si tu
Delly_Le-candelabre-du-temple_<le comte Athory-417>_11884,Souviens - toi que si tu n' as pas le
Delly_Le-candelabre-du-temple_<le comte Athory-417>_11896,"en accomplir les obligations , tu infligeras à ton père"
Delly_Le-candelabre-du-temple_<le comte Athory-417>_11899,"obligations , tu infligeras à ton père mourant la plus"
Delly_Le-candelabre-du-temple_<le comte Athory-417>_11923,"en toute loyauté , que tu fouleras aux pieds ."
Delly_Le-candelabre-du-temple_<le comte Athory-417>_11928,tu fouleras aux pieds . Il essayait à nouveau de
Delly_Le-candelabre-du-temple_<le comte Athory-417>_11941,"de son fils . Mais Siegbert se recula , en"
Delly_Le-candelabre-du-temple_<le comte Athory-417>_11954,de révolte . – Demandez - moi ce que vous
Delly_Le-candelabre-du-temple_<le comte Athory-417>_11958,Demandez - moi ce que vous voudrez . . .
Delly_Le-candelabre-du-temple_<le comte Athory-417>_11983,ternes s' injectèrent . – Ma parole . . .
Delly_Le-candelabre-du-temple_<le comte Athory-417>_12004,"entre les lèvres tendues . Siegbert frissonna , en rencontrant"
Delly_Le-candelabre-du-temple_<le comte Athory-417>_12018,désespéré qui s' attachait à lui . – Je ne
Delly_Le-candelabre-du-temple_<le comte Athory-417>_12021,attachait à lui . – Je ne peux pas .
Delly_Le-candelabre-du-temple_<le comte Athory-417>_12030,. . . C' est ma vie que vous me
Delly_Le-candelabre-du-temple_<le comte Athory-417>_12033,C' est ma vie que vous me demandez là !
Delly_Le-candelabre-du-temple_<le comte Athory-417>_12034,est ma vie que vous me demandez là ! s'
Delly_Le-candelabre-du-temple_<le comte Athory-417>_12042,! s' écria - t - il dans un dernier
Delly_Le-candelabre-du-temple_<le comte Athory-417>_12063,. pour l' honneur de ton nom . . .
Delly_Le-candelabre-du-temple_<le comte Athory-417>_12078,"poignante , dans le regard du mourant . Un spasme"
Delly_Le-candelabre-du-temple_<le comte Athory-417>_12086,Un spasme tordit le corps qui arrivait aux dernières limites
Delly_Le-candelabre-du-temple_<le comte Athory-417>_12092,arrivait aux dernières limites de son existence . . .
Delly_Le-candelabre-du-temple_<le comte Athory-417>_12097,"son existence . . . Siegbert se rapprocha , se"
Delly_Le-candelabre-du-temple_<le comte Athory-417>_12102,"Siegbert se rapprocha , se pencha sur le visage livide"
Delly_Le-candelabre-du-temple_<le comte Athory-417>_12108,"sur le visage livide et dit , avec un accent"
Delly_Le-candelabre-du-temple_<le comte Athory-417>_12118,"méconnaissable :– Eh bien , j' accomplirai votre promesse ,"
Delly_Le-candelabre-du-temple_<le comte Athory-417>_12120,"Eh bien , j' accomplirai votre promesse , mon père"
Delly_Le-candelabre-du-temple_<le comte Athory-417>_12123,"j' accomplirai votre promesse , mon père . La physionomie"
Delly_Le-candelabre-du-temple_<le comte Athory-417>_12128,mon père . La physionomie du comte s' apaisa .
Delly_Le-candelabre-du-temple_<le comte Athory-417>_12133,"du comte s' apaisa . Il murmura :– Merci ,"
Delly_Le-candelabre-du-temple_<le comte Athory-417>_12138,"Il murmura :– Merci , mon enfant . . ."
Delly_Le-candelabre-du-temple_<le comte Athory-417>_12143,mon enfant . . . mon cher enfant . .
Delly_Le-candelabre-du-temple_<le comte Athory-417>_12150,enfant . . . Puis il ferma les paupières et
Delly_Le-candelabre-du-temple_<le comte Athory-417>_12162,"usé en ces quelques instants ses dernières forces , il"
Delly_Le-candelabre-du-temple_<le comte Athory-417>_12166,"instants ses dernières forces , il ne parla plus jusqu'"
Delly_Le-candelabre-du-temple_<le comte Athory-417>_12181,"tardive , où survint pour lui le grand silence de"
Delly_Le-candelabre-du-temple_<le comte Athory-417>_12197,"premières formalités funèbres remplies , Siegbert se trouva un peu"
Delly_Le-candelabre-du-temple_<le comte Athory-417>_12206,"peu plus tard seul dans son appartement , il s'"
Delly_Le-candelabre-du-temple_<le comte Athory-417>_12209,"seul dans son appartement , il s' écroula dans un"
Delly_Le-candelabre-du-temple_<le comte Athory-417>_12216,écroula dans un fauteuil et put considérer en face toute
Delly_Le-candelabre-du-temple_<le comte Athory-417>_12224,"face toute l' horreur de sa situation . Lui ,"
Delly_Le-candelabre-du-temple_<le comte Athory-417>_12227,"horreur de sa situation . Lui , le comte de"
Delly_Le-candelabre-du-temple_<le comte Athory-417>_12229,"sa situation . Lui , le comte de Hornstedt ,"
Delly_Le-candelabre-du-temple_<le comte Athory-417>_12242,"illustre et sans mésalliance , lui , dont l' orgueil"
Delly_Le-candelabre-du-temple_<le comte Athory-417>_12244,"sans mésalliance , lui , dont l' orgueil , les"
Delly_Le-candelabre-du-temple_<le comte Athory-417>_12266,"par l' affection idolâtre de son père , il serait"
Delly_Le-candelabre-du-temple_<le comte Athory-417>_12269,"idolâtre de son père , il serait obligé à ce"
Delly_Le-candelabre-du-temple_<le comte Athory-417>_12279,mariage odieux . . . il deviendrait l' époux d'
Delly_Le-candelabre-du-temple_<le comte Athory-417>_12305,possible ! murmura - t - il en pressant entre
Delly_Le-candelabre-du-temple_<le comte Athory-417>_12310,- il en pressant entre ses mains son front brûlant
Delly_Le-candelabre-du-temple_<le comte Athory-417>_12312,en pressant entre ses mains son front brûlant . N'
Delly_Le-candelabre-du-temple_<le comte Athory-417>_12318,front brûlant . N' allait - il pas se réveiller
Delly_Le-candelabre-du-temple_<le comte Athory-417>_12342,l' abominable entrave ?Hélas ! il n' avait pas rêvé
Delly_Le-candelabre-du-temple_<le comte Athory-417>_12348,n' avait pas rêvé ! Son existence était brisée à
Delly_Le-candelabre-du-temple_<le comte Athory-417>_12358,"l' avance , et maintenant il traînerait comme un fardeau"
Delly_Le-candelabre-du-temple_<le comte Athory-417>_12408,établissement honorable . Aujourd' hui Siegbert comprenait la cause de
Delly_Le-candelabre-du-temple_<le comte Athory-417>_12431,avait ruiné les forces de son père . La promesse
Delly_Le-candelabre-du-temple_<le comte Athory-417>_12479,"de même , sachant que Siegbert n' était pas libre"
Delly_Le-candelabre-du-temple_<le comte Athory-417>_12485,"n' était pas libre , il n' avait plus encouragé"
Delly_Le-candelabre-du-temple_<le comte Athory-417>_12493,plus encouragé depuis quelque temps son attachement pour Carolia .
Delly_Le-candelabre-du-temple_<le comte Athory-417>_12504,. . . Il faudrait lui apprendre qu' il devait
Delly_Le-candelabre-du-temple_<le comte Athory-417>_12507,Il faudrait lui apprendre qu' il devait renoncer à elle
Delly_Le-candelabre-du-temple_<le comte Athory-417>_12517,. Cette pensée jetait en lui une émotion douloureuse .
Delly_Le-candelabre-du-temple_<le comte Athory-417>_12523,"une émotion douloureuse . Car il l' aimait sincèrement ,"
Delly_Le-candelabre-du-temple_<le comte Athory-417>_12539,"amour tranquille et raisonné qui lui permettait de constater ,"
Delly_Le-candelabre-du-temple_<le comte Athory-417>_12563,l' idéal féminin entrevu dans ses rêves de jeune homme
Delly_Le-candelabre-du-temple_<le comte Athory-417>_12572,"homme . Telle quelle , il l' avait jugée capable"
Delly_Le-candelabre-du-temple_<le comte Athory-417>_12578,l' avait jugée capable de lui donner un bonheur suffisant
Delly_Le-candelabre-du-temple_<le comte Athory-417>_12604,"petite fille . . . Il se leva brusquement ,"
Delly_Le-candelabre-du-temple_<le comte Athory-417>_12622,"sourde et terrible montait en lui , contre le comte"
Delly_Le-candelabre-du-temple_<le comte Athory-417>_12642,deviendrait sa femme . – Je la hais ! dit
Delly_Le-candelabre-du-temple_<le comte Athory-417>_12647,Je la hais ! dit - il tout haut avec
Delly_Le-candelabre-du-temple_<le comte Athory-417>_12654,tout haut avec violence . Il s' approcha d' une
Delly_Le-candelabre-du-temple_<le comte Athory-417>_12662,d' une fenêtre ouverte . Son regard erra un instant
Delly_Le-candelabre-du-temple_<le comte Athory-417>_12668,"regard erra un instant devant lui , sur le parc"
Delly_Le-candelabre-du-temple_<le comte Athory-417>_12685,nuit . . . Et il se revit dans ces
Delly_Le-candelabre-du-temple_<le comte Athory-417>_12707,", et si éprise de lui . « Que dira"
Delly_Le-candelabre-du-temple_<le comte Athory-417>_12740,puisqu' il s' agit pour moi de tenir une parole
Delly_Le-candelabre-du-temple_<le comte Athory-417>_12769,! » songea - t - il avec un geste
Delly_Le-candelabre-du-temple_<le comte Athory-417>_12790,"En sortant de Hoendeck , le docteur Blück s' était"
Delly_Le-candelabre-du-temple_<le comte Athory-417>_12803,demeure de Mme Sulzer . Il voulait voir si l'
Delly_Le-candelabre-du-temple_<le comte Athory-417>_12820,"était maintenue . Ces enfants l' intéressaient beaucoup , et"
Delly_Le-candelabre-du-temple_<le comte Athory-417>_12825,"l' intéressaient beaucoup , et il avait entendu avec plaisir"
Delly_Le-candelabre-du-temple_<le comte Athory-417>_12830,il avait entendu avec plaisir sa nièce déclarer qu' à
Delly_Le-candelabre-du-temple_<le comte Athory-417>_12894,", ce soir , et le docteur , satisfait ,"
Delly_Le-candelabre-du-temple_<le comte Athory-417>_12903,", déclara :– Allons , je permettrai sans doute demain"
Delly_Le-candelabre-du-temple_<le comte Athory-417>_12937,"porte de la maison , il s' attarda un instant"
Delly_Le-candelabre-du-temple_<le comte Athory-417>_12954,comte de Hornstedt . Puis il monta dans la vieille
Delly_Le-candelabre-du-temple_<le comte Athory-417>_12962,la vieille petite voiture qui lui servait pour ses tournées
Delly_Le-candelabre-du-temple_<le comte Athory-417>_12965,voiture qui lui servait pour ses tournées . . .
Delly_Le-candelabre-du-temple_<le comte Athory-417>_12975,Mais à peine s' était - il engagé sur le
Delly_Le-candelabre-du-temple_<le comte Athory-417>_12985,chemin conduisant vers Gleitz qu' il entendit derrière lui une
Delly_Le-candelabre-du-temple_<le comte Athory-417>_12988,Gleitz qu' il entendit derrière lui une voix d' enfant
Delly_Le-candelabre-du-temple_<le comte Athory-417>_12995,voix d' enfant appelant :– Monsieur le docteur ?En se
Delly_Le-candelabre-du-temple_<le comte Athory-417>_13002,"docteur ?En se détournant , il vit Myriam qui accourait"
Delly_Le-candelabre-du-temple_<le comte Athory-417>_13025,enfant ? demanda - t - il en arrêtant son
Delly_Le-candelabre-du-temple_<le comte Athory-417>_13029,t - il en arrêtant son cheval . – Monsieur
Delly_Le-candelabre-du-temple_<le comte Athory-417>_13033,"arrêtant son cheval . – Monsieur le docteur , n'"
Delly_Le-candelabre-du-temple_<le comte Athory-417>_13067,?Elle joignait les mains et le regardait d' un air
Delly_Le-candelabre-du-temple_<le comte Athory-417>_13083,", ma petite , comme vous y allez ! La"
Delly_Le-candelabre-du-temple_<le comte Athory-417>_13118,une désolation si profonde que le bon docteur en fut
Delly_Le-candelabre-du-temple_<le comte Athory-417>_13128,"bouleversé . – Voyons , ma chère petite , il"
Delly_Le-candelabre-du-temple_<le comte Athory-417>_13138,"ne faut pas désespérer ! Je vous le dis ,"
Delly_Le-candelabre-du-temple_<le comte Athory-417>_13169,essayer . . . On m' a parlé d' un
Delly_Le-candelabre-du-temple_<un homme vigoureux-1193>_30700,"!De la pièce voisine sortit un homme vigoureux , à"
Delly_Le-candelabre-du-temple_<un homme vigoureux-1193>_30711,"mine honnête et franche , qui salua Myriam avec un"
Delly_Le-candelabre-du-temple_<un homme vigoureux-1193>_30722,"empressement . – Ah ! vous arrivez bien , madame"
Delly_Le-candelabre-du-temple_<un homme vigoureux-1193>_30769,un petit enfant . – Apportez - le - moi
Delly_Le-candelabre-du-temple_<un homme vigoureux-1193>_30775,"- le - moi , Gloster , je vais essayer"
Delly_Le-candelabre-du-temple_<un homme vigoureux-1193>_30801,"lui parla doucement , l' encouragea , l' obligea à"
Delly_Le-candelabre-du-temple_<un homme vigoureux-1193>_30848,". – Tenez , entendez - vous cela , madame"
Delly_Le-candelabre-du-temple_<un homme vigoureux-1193>_30858,? dit tout à coup Gloster . Portes et fenêtres
Delly_Le-candelabre-du-temple_<un homme vigoureux-1193>_30889,", et une forte , je le crains . Cela"
Delly_Le-candelabre-du-temple_<un homme vigoureux-1193>_30894,je le crains . Cela m' ennuie bien pour vous
Delly_Le-candelabre-du-temple_<un homme vigoureux-1193>_30898,"Cela m' ennuie bien pour vous , madame . –"
Delly_Le-candelabre-du-temple_<un homme vigoureux-1193>_30900,"ennuie bien pour vous , madame . – Oh !"
Delly_Le-candelabre-du-temple_<un homme vigoureux-1193>_30916,pas très longtemps ! Ne vous inquiétez pas d' avance
Delly_Le-candelabre-du-temple_<un homme vigoureux-1193>_30922,"inquiétez pas d' avance , mon brave Gloster , dit"
Delly_Le-candelabre-du-temple_<un homme vigoureux-1193>_30927,"mon brave Gloster , dit la jeune femme en souriant"
Delly_Le-candelabre-du-temple_<un homme vigoureux-1193>_30955,"les rafales . . . Emma Gloster , affaissée dans"
Delly_Le-candelabre-du-temple_<un homme vigoureux-1193>_30960,"Emma Gloster , affaissée dans son vieux fauteuil , appuyait"
Delly_Le-candelabre-du-temple_<un homme vigoureux-1193>_30965,"son vieux fauteuil , appuyait ses mains sur son front"
Delly_Le-candelabre-du-temple_<un homme vigoureux-1193>_30968,", appuyait ses mains sur son front fatigué . Le"
Delly_Le-candelabre-du-temple_<un homme vigoureux-1193>_31019,"nous demander refuge , dit Gloster en se dirigeant vers"
Delly_Le-candelabre-du-temple_<un homme vigoureux-1193>_31027,"dirigeant vers le seuil . Il ouvrit , et se"
Delly_Le-candelabre-du-temple_<un homme vigoureux-1193>_31032,"Il ouvrit , et se recula vivement , avec une"
Delly_Le-candelabre-du-temple_<un homme vigoureux-1193>_31046,se courbant profondément . – Je viens chercher un abri
Delly_Le-candelabre-du-temple_<un homme vigoureux-1193>_31052,"viens chercher un abri sous votre toit , Gloster ."
Delly_Le-candelabre-du-temple_<un homme vigoureux-1193>_31055,"abri sous votre toit , Gloster . La rafale est"
Delly_Le-candelabre-du-temple_<un homme vigoureux-1193>_31082,"est à la disposition de Votre Altesse , balbutia Gloster"
Delly_Le-candelabre-du-temple_<un homme vigoureux-1193>_31086,"de Votre Altesse , balbutia Gloster . Myriam crut que"
Delly_Le-candelabre-du-temple_<un homme vigoureux-1193>_31088,"Altesse , balbutia Gloster . Myriam crut que la salle"
Delly_Le-candelabre-du-temple_<un homme vigoureux-1193>_31099,mettait à tourner autour d' elle . . . Et
Delly_Le-candelabre-du-temple_<un homme vigoureux-1193>_31104,elle . . . Et elle serra l' enfant contre
Delly_Le-candelabre-du-temple_<un homme vigoureux-1193>_31106,. . Et elle serra l' enfant contre sa poitrine
Delly_Le-candelabre-du-temple_<un homme vigoureux-1193>_31109,"elle serra l' enfant contre sa poitrine , pour être"
Delly_Le-candelabre-du-temple_<un homme vigoureux-1193>_31116,", pour être sûre que ses mains tout à coup"
Delly_Le-candelabre-du-temple_<un homme vigoureux-1193>_31128,le laisseraient pas échapper . C' était bien le prince
Delly_Le-candelabre-du-temple_<un homme vigoureux-1193>_31131,échapper . C' était bien le prince de Hornstedt qui
Delly_Le-candelabre-du-temple_<un homme vigoureux-1193>_31135,"bien le prince de Hornstedt qui apparaissait , poudré de"
Delly_Le-candelabre-du-temple_<un homme vigoureux-1193>_31149,"de la maison forestière . Il fit quelques pas ,"
Delly_Le-candelabre-du-temple_<un homme vigoureux-1193>_31156,"quelques pas , et s' arrêta en apercevant la jeune"
Delly_Le-candelabre-du-temple_<un homme vigoureux-1193>_31159,et s' arrêta en apercevant la jeune femme . Sa
Delly_Le-candelabre-du-temple_<un homme vigoureux-1193>_31163,apercevant la jeune femme . Sa physionomie laissa voir une
Delly_Le-candelabre-du-temple_<un homme vigoureux-1193>_31176,mais surtout une admiration dont il ne fut pas maître
Delly_Le-candelabre-du-temple_<un homme vigoureux-1193>_31189,", à la vue de cette délicieuse apparition dont le"
Delly_Le-candelabre-du-temple_<un homme vigoureux-1193>_31192,vue de cette délicieuse apparition dont le charme semblait plus
Delly_Le-candelabre-du-temple_<un homme vigoureux-1193>_31222,jeunesse et de beauté . Siegbert se découvrit pour la
Delly_Le-candelabre-du-temple_<un homme vigoureux-1193>_31226,. Siegbert se découvrit pour la saluer . Elle inclina
Delly_Le-candelabre-du-temple_<un homme vigoureux-1193>_31229,découvrit pour la saluer . Elle inclina un peu la
Delly_Le-candelabre-du-temple_<un homme vigoureux-1193>_31236,"un peu la tête et détourna aussitôt son visage ,"
Delly_Le-candelabre-du-temple_<un homme vigoureux-1193>_31238,"la tête et détourna aussitôt son visage , qu' elle"
Delly_Le-candelabre-du-temple_<un homme vigoureux-1193>_31242,"aussitôt son visage , qu' elle sentait envahi par une"
Delly_Le-candelabre-du-temple_<un homme vigoureux-1193>_31253,de pénible émotion . Puis elle songea subitement que le
Delly_Le-candelabre-du-temple_<un homme vigoureux-1193>_31257,Puis elle songea subitement que le prince ne la connaissait
Delly_Le-candelabre-du-temple_<un homme vigoureux-1193>_31260,subitement que le prince ne la connaissait pas . Il
Delly_Le-candelabre-du-temple_<un homme vigoureux-1193>_31264,ne la connaissait pas . Il l' avait vue seulement
Delly_Le-candelabre-du-temple_<un homme vigoureux-1193>_31265,la connaissait pas . Il l' avait vue seulement deux
Delly_Le-candelabre-du-temple_<un homme vigoureux-1193>_31274,"deux fois , alors qu' elle était une enfant ,"
Delly_Le-candelabre-du-temple_<un homme vigoureux-1193>_31280,"était une enfant , et elle avait beaucoup changé depuis"
Delly_Le-candelabre-du-temple_<un homme vigoureux-1193>_31289,"depuis lors , on le lui avait dit plus d'"
Delly_Le-candelabre-du-temple_<un homme vigoureux-1193>_31300,"fois . Le jour de son mariage , elle était"
Delly_Le-candelabre-du-temple_<un homme vigoureux-1193>_31303,"jour de son mariage , elle était si bien enveloppée"
Delly_Le-candelabre-du-temple_<un homme vigoureux-1193>_31314,"si bien voilée , qu' il n' avait pu rien"
Delly_Le-candelabre-du-temple_<un homme vigoureux-1193>_31321,avait pu rien distinguer d' elle . . . Ainsi
Delly_Le-candelabre-du-temple_<un homme vigoureux-1193>_31327,". . . Ainsi , il ne se douterait pas"
Delly_Le-candelabre-du-temple_<un homme vigoureux-1193>_31335,douterait pas aujourd' hui qu' il se trouvait en présence
Delly_Le-candelabre-du-temple_<un homme vigoureux-1193>_31341,se trouvait en présence de l' épouse méprisée et abandonnée
Delly_Le-candelabre-du-temple_<un homme vigoureux-1193>_31349,et abandonnée . Cette idée lui causa un soulagement infini
Delly_Le-candelabre-du-temple_<un homme vigoureux-1193>_31356,"un soulagement infini , et elle osa alors relever les"
Delly_Le-candelabre-du-temple_<un homme vigoureux-1193>_31363,alors relever les yeux . Le prince se rapprochait du
Delly_Le-candelabre-du-temple_<un homme vigoureux-1193>_31380,"pour mettre du bois . Il entrouvrit sa pelisse ,"
Delly_Le-candelabre-du-temple_<un homme vigoureux-1193>_31382,"du bois . Il entrouvrit sa pelisse , jeta sur"
Delly_Le-candelabre-du-temple_<un homme vigoureux-1193>_31385,"Il entrouvrit sa pelisse , jeta sur une chaise près"
Delly_Le-candelabre-du-temple_<un homme vigoureux-1193>_31391,sur une chaise près de lui ses gants et sa
Delly_Le-candelabre-du-temple_<un homme vigoureux-1193>_31392,une chaise près de lui ses gants et sa toque
Delly_Le-candelabre-du-temple_<un homme vigoureux-1193>_31395,de lui ses gants et sa toque de fourrure et
Delly_Le-candelabre-du-temple_<un homme vigoureux-1193>_31400,sa toque de fourrure et appuya ses mains au dossier
Delly_Le-candelabre-du-temple_<un homme vigoureux-1193>_31401,toque de fourrure et appuya ses mains au dossier d'
Delly_Le-candelabre-du-temple_<un homme vigoureux-1193>_31415,qui se trouvait là . Myriam rencontra tout à coup
Delly_Le-candelabre-du-temple_<un homme vigoureux-1193>_31420,Myriam rencontra tout à coup son regard . Il eut
Delly_Le-candelabre-du-temple_<un homme vigoureux-1193>_31423,à coup son regard . Il eut un léger tressaillement
Delly_Le-candelabre-du-temple_<un homme vigoureux-1193>_31429,eut un léger tressaillement et détourna un peu les yeux
Delly_Le-candelabre-du-temple_<un homme vigoureux-1193>_31435,un peu les yeux . Emma Gloster s' était péniblement
Delly_Le-candelabre-du-temple_<un homme vigoureux-1193>_31442,"s' était péniblement levée à son entrée , et maintenant"
Delly_Le-candelabre-du-temple_<un homme vigoureux-1193>_31447,"son entrée , et maintenant elle n' osait se rasseoir"
Delly_Le-candelabre-du-temple_<un homme vigoureux-1193>_31454,osait se rasseoir en voyant l' hôte princier debout .
Delly_Le-candelabre-du-temple_<un homme vigoureux-1193>_31460,hôte princier debout . Mais ses pauvres jambes affaiblies flageolaient
Delly_Le-candelabre-du-temple_<un homme vigoureux-1193>_31467,"jambes affaiblies flageolaient , et elle se retenait d' une"
Delly_Le-candelabre-du-temple_<un homme vigoureux-1193>_31479,la table placée près d' elle . Devinant la gêne
Delly_Le-candelabre-du-temple_<un homme vigoureux-1193>_31485,". Devinant la gêne qui la paralysait , Myriam ,"
Delly_Le-candelabre-du-temple_<un homme vigoureux-1193>_31488,"gêne qui la paralysait , Myriam , dominant son propre"
Delly_Le-candelabre-du-temple_<un homme vigoureux-1193>_31491,"paralysait , Myriam , dominant son propre trouble , se"
Delly_Le-candelabre-du-temple_<un homme vigoureux-1193>_31498,"trouble , se pencha vers sa protégée . – Asseyez"
Delly_Le-candelabre-du-temple_<un homme vigoureux-1193>_31506,"– Asseyez - vous , ma bonne Emma . Son"
Delly_Le-candelabre-du-temple_<un homme vigoureux-1193>_31510,", ma bonne Emma . Son Altesse voudra bien vous"
Delly_Le-candelabre-du-temple_<un homme vigoureux-1193>_31514,". Son Altesse voudra bien vous excuser , en raison"
Delly_Le-candelabre-du-temple_<un homme vigoureux-1193>_31520,"excuser , en raison de votre maladie . – Mais"
Delly_Le-candelabre-du-temple_<un homme vigoureux-1193>_31531,", asseyez - vous , madame Gloster , dit Siegbert"
Delly_Le-candelabre-du-temple_<un homme vigoureux-1193>_31535,", madame Gloster , dit Siegbert d' un ton de"
Delly_Le-candelabre-du-temple_<un homme vigoureux-1193>_31545,bienveillance un peu hautaine . Je ne veux déranger personne
Delly_Le-candelabre-du-temple_<un homme vigoureux-1193>_31574,à coup à pleurer . Myriam se dirigea vers la
Delly_Le-candelabre-du-temple_<un homme vigoureux-1193>_31584,pièce voisine en disant à Gloster :– Je vais essayer
Delly_Le-candelabre-du-temple_<un homme vigoureux-1193>_31586,en disant à Gloster :– Je vais essayer de le
Delly_Le-candelabre-du-temple_<un homme vigoureux-1193>_31595,le calmer par là . Siegbert se tourna vivement vers
Delly_Le-candelabre-du-temple_<un homme vigoureux-1193>_31600,Siegbert se tourna vivement vers elle . – Serait -
Delly_Le-candelabre-du-temple_<un homme vigoureux-1193>_31609,- ce à cause de moi que vous ne demeurez
Delly_Le-candelabre-du-temple_<un homme vigoureux-1193>_31611,à cause de moi que vous ne demeurez pas ici
Delly_Le-candelabre-du-temple_<un homme vigoureux-1193>_31617,"ne demeurez pas ici , madame ? Cependant , je"
Delly_Le-candelabre-du-temple_<un homme vigoureux-1193>_31621,", madame ? Cependant , je vous assure que les"
Delly_Le-candelabre-du-temple_<un homme vigoureux-1193>_31622,"madame ? Cependant , je vous assure que les pleurs"
Delly_Le-candelabre-du-temple_<un homme vigoureux-1193>_31637,importunent aucunement . – Mais je crains pourtant . .
Delly_Le-candelabre-du-temple_<un homme vigoureux-1193>_31645,". . . , murmura Myriam . Elle se sentait"
Delly_Le-candelabre-du-temple_<un homme vigoureux-1193>_31647,". , murmura Myriam . Elle se sentait devenir pourpre"
Delly_Le-candelabre-du-temple_<un homme vigoureux-1193>_31659,"regard pénétrant , comme s' il avait pu lire sur"
Delly_Le-candelabre-du-temple_<un homme vigoureux-1193>_31664,il avait pu lire sur son front le nom abhorré
Delly_Le-candelabre-du-temple_<un homme vigoureux-1193>_31675,"– Non , non , madame , je ne m'"
Delly_Le-candelabre-du-temple_<un homme vigoureux-1193>_31677,", non , madame , je ne m' en trouverai"
Delly_Le-candelabre-du-temple_<un homme vigoureux-1193>_31688,gêné . . . et je serais vraiment désolé si
Delly_Le-candelabre-du-temple_<un homme vigoureux-1193>_31693,je serais vraiment désolé si ma présence dans cette maison
Delly_Le-candelabre-du-temple_<un homme vigoureux-1193>_31705,dérangement ! ajouta - t - il avec courtoisie .
Delly_Le-candelabre-du-temple_<un homme vigoureux-1193>_31710,- il avec courtoisie . Elle revint sur ses pas
Delly_Le-candelabre-du-temple_<un homme vigoureux-1193>_31713,"courtoisie . Elle revint sur ses pas et , s'"
Delly_Le-candelabre-du-temple_<un homme vigoureux-1193>_31723,"asseyant près du poêle , se mit à bercer l'"
Delly_Le-candelabre-du-temple_<un homme vigoureux-1193>_31735,des mouvements très doux . Elle semblait ainsi une idéale
Delly_Le-candelabre-du-temple_<un homme vigoureux-1193>_31785,endormit dans les bras de Myriam . Gloster s' approcha
Delly_Le-candelabre-du-temple_<un homme vigoureux-1193>_31787,les bras de Myriam . Gloster s' approcha en disant
Delly_Le-candelabre-du-temple_<un homme vigoureux-1193>_31793,s' approcha en disant :– Donnez - le - moi
Delly_Le-candelabre-du-temple_<un homme vigoureux-1193>_31796,"disant :– Donnez - le - moi , madame ,"
Delly_Le-candelabre-du-temple_<un homme vigoureux-1193>_31799,"- le - moi , madame , je vais le"
Delly_Le-candelabre-du-temple_<un homme vigoureux-1193>_31801,"- moi , madame , je vais le porter de"
Delly_Le-candelabre-du-temple_<un homme vigoureux-1193>_31813,"côté . – Non , j' irai moi - même"
Delly_Le-candelabre-du-temple_<un homme vigoureux-1193>_31815,"– Non , j' irai moi - même , pour"
Delly_Le-candelabre-du-temple_<un homme vigoureux-1193>_31827,risquer de l' éveiller . Elle se leva et passa
Delly_Le-candelabre-du-temple_<un homme vigoureux-1193>_31831,. Elle se leva et passa dans la pièce voisine
Delly_Le-candelabre-du-temple_<un homme vigoureux-1193>_31847,de l' enfant . Quand elle l' eut couché et
Delly_Le-candelabre-du-temple_<un homme vigoureux-1193>_31855,"couché et soigneusement couvert , la jeune femme demeura là"
Delly_Le-candelabre-du-temple_<un homme vigoureux-1193>_31890,. Mais quelle raison pourrait - elle donner ? .
Delly_Le-candelabre-du-temple_<un homme vigoureux-1193>_31929,avait connu la personnalité de la jeune femme rencontrée sous
Delly_Le-candelabre-du-temple_<un homme vigoureux-1193>_31945,. . de même que ses yeux si beaux –
Delly_Le-candelabre-du-temple_<un homme vigoureux-1193>_31984,". . . Lentement , Myriam rentra dans la salle"
Delly_Le-candelabre-du-temple_<un homme vigoureux-1193>_31994,". Prêtant l' oreille , elle fit observer :– La"
Delly_Le-candelabre-du-temple_<un homme vigoureux-1193>_32004,tempête a bien diminué . Je vais pouvoir partir .
Delly_Le-candelabre-du-temple_<un homme vigoureux-1193>_32012,"partir . – Oh ! madame , attendez encore !"
Delly_Le-candelabre-du-temple_<un homme vigoureux-1193>_32019,attendez encore ! s' écria Emma . Ces maudits coups
Delly_Le-candelabre-du-temple_<un homme vigoureux-1193>_32030,"vent reviennent subitement , voyez - vous . – Je"
Delly_Le-candelabre-du-temple_<un homme vigoureux-1193>_32034,voyez - vous . – Je ne peux cependant pas
Delly_Le-candelabre-du-temple_<un homme vigoureux-1193>_32049,"on doit s' inquiéter pour moi . – Oui ,"
Delly_Le-candelabre-du-temple_<un homme vigoureux-1193>_32076,", dit le garde . Myriam frémit d' effroi ."
Delly_Le-candelabre-du-temple_<un homme vigoureux-1193>_32091,un soupçon dans l' esprit du prince . Mais il
Delly_Le-candelabre-du-temple_<un homme vigoureux-1193>_32095,esprit du prince . Mais il n' avait point paru
Delly_Le-candelabre-du-temple_<un homme vigoureux-1193>_32109,"le fauteuil de paille , son menton appuyé sur sa"
Delly_Le-candelabre-du-temple_<un homme vigoureux-1193>_32113,", son menton appuyé sur sa main , il semblait"
Delly_Le-candelabre-du-temple_<un homme vigoureux-1193>_32116,"appuyé sur sa main , il semblait plongé dans une"
Delly_Le-candelabre-du-temple_<un homme vigoureux-1193>_32124,dans une songerie et ne leva pas même les yeux
Delly_Le-candelabre-du-temple_<un homme vigoureux-1193>_32136,"En tout cas , si vous voulez absolument partir ,"
Delly_Le-candelabre-du-temple_<un homme vigoureux-1193>_32141,"vous voulez absolument partir , madame , je vais vous"
Delly_Le-candelabre-du-temple_<un homme vigoureux-1193>_32143,"absolument partir , madame , je vais vous accompagner ,"
Delly_Le-candelabre-du-temple_<un homme vigoureux-1193>_32145,", madame , je vais vous accompagner , déclara Gloster"
Delly_Le-candelabre-du-temple_<un homme vigoureux-1193>_32156,"– Cela , non ! Vous avez encore un gros"
Delly_Le-candelabre-du-temple_<un homme vigoureux-1193>_32178,". . . Non , Gloster , n' insistez pas"
Delly_Le-candelabre-du-temple_<un homme vigoureux-1193>_32184,", n' insistez pas , je ne veux pas de"
Delly_Le-candelabre-du-temple_<un homme vigoureux-1193>_32189,je ne veux pas de vous ! Soyez sans crainte
Delly_Le-candelabre-du-temple_<un homme vigoureux-1193>_32191,"veux pas de vous ! Soyez sans crainte , je"
Delly_Le-candelabre-du-temple_<un homme vigoureux-1193>_32195,"! Soyez sans crainte , je saurai très bien revenir"
Delly_Le-candelabre-du-temple_<un homme vigoureux-1193>_32202,très bien revenir seule . Le garde hocha la tête
Delly_Le-candelabre-du-temple_<un homme vigoureux-1193>_32230,! . . . Et je me reprocherais trop s'
Delly_Le-candelabre-du-temple_<un homme vigoureux-1193>_32236,"me reprocherais trop s' il vous arrivait quelque accident ,"
Delly_Le-candelabre-du-temple_<un homme vigoureux-1193>_32248,ce serait à cause de votre bonté pour nous .
Delly_Le-candelabre-du-temple_<un homme vigoureux-1193>_32256,nous . – Il ne m' arrivera rien ; Dieu
Delly_Le-candelabre-du-temple_<un homme vigoureux-1193>_32263,rien ; Dieu veille sur moi . . . –
Delly_Le-candelabre-du-temple_<un homme vigoureux-1193>_32270,. . – N' avez - vous besoin de rien
Delly_Le-candelabre-du-temple_<un homme vigoureux-1193>_32277,"besoin de rien avant que je m' en aille ,"
Delly_Le-candelabre-du-temple_<un homme vigoureux-1193>_32282,"je m' en aille , ma bonne Emma ?– Non"
Delly_Le-candelabre-du-temple_<un homme vigoureux-1193>_32290,"?– Non , merci , madame . . . merci"
Delly_Le-candelabre-du-temple_<un homme vigoureux-1193>_32299,"merci , merci ! dit Emma d' un ton d'"
Delly_Le-candelabre-du-temple_<un homme vigoureux-1193>_32335,"prince , vint apporter à la jeune femme son manteau"
Delly_Le-candelabre-du-temple_<un homme vigoureux-1193>_32338,apporter à la jeune femme son manteau et sa capeline
Delly_Le-candelabre-du-temple_<un homme vigoureux-1193>_32341,"jeune femme son manteau et sa capeline , dont Gloster"
Delly_Le-candelabre-du-temple_<un homme vigoureux-1193>_32346,"sa capeline , dont Gloster l' aida à se revêtir"
Delly_Le-candelabre-du-temple_<un homme vigoureux-1193>_32352,aida à se revêtir . Elle embrassa les trois petits
Delly_Le-candelabre-du-temple_<un homme vigoureux-1193>_32365,"des recommandations de sagesse , serra la main brûlante de"
Delly_Le-candelabre-du-temple_<un homme vigoureux-1193>_32370,"serra la main brûlante de la malade et , s'"
Delly_Le-candelabre-du-temple_<un homme vigoureux-1193>_32387,qui s' était levé en la voyant prête au départ
Delly_Le-candelabre-du-temple_<un homme vigoureux-1193>_32393,"voyant prête au départ , elle sortit de la maison"
Delly_Le-candelabre-du-temple_<un homme vigoureux-1193>_32426,les rafales avaient cessé . Myriam se mit d' abord
Delly_Le-candelabre-du-temple_<un homme vigoureux-1193>_32442,"Bientôt , pourtant , il lui fallut ralentir à cause"
Delly_Le-candelabre-du-temple_<un homme vigoureux-1193>_32464,"ferme se faisait entendre derrière elle , en se rapprochant"
Delly_Le-candelabre-du-temple_<un homme vigoureux-1193>_32485,"tout à coup près d' elle , et une voix"
Delly_Le-candelabre-du-temple_<un homme vigoureux-1193>_32517,", car ils ignorent que j' en ai le droit"
Delly_Le-candelabre-du-temple_<un homme vigoureux-1193>_32532,est vraiment trop imprudent pour vous d' être seule à
Delly_Le-candelabre-du-temple_<un homme vigoureux-1193>_32540,seule à cette heure . Myriam eut un instant la
Delly_Le-candelabre-du-temple_<un homme vigoureux-1193>_32551,que le sol manquait sous ses pas . Elle se
Delly_Le-candelabre-du-temple_<un homme vigoureux-1193>_32554,manquait sous ses pas . Elle se raidit pour répondre
Delly_Le-candelabre-du-temple_<un homme vigoureux-1193>_32566,une voix qui tremblait :– J' ai l' habitude de
Delly_Le-candelabre-du-temple_<un homme vigoureux-1193>_32603,"je suis là , je vous accompagnerai jusqu' à la"
Delly_Le-candelabre-du-temple_<un homme vigoureux-1193>_32612,la Maison des Abeilles . Elle ne répliqua rien et
Delly_Le-candelabre-du-temple_<un homme vigoureux-1193>_32617,Elle ne répliqua rien et continua d' avancer en silence
Delly_Le-candelabre-du-temple_<un homme vigoureux-1193>_32624,avancer en silence . Mais son cœur battait avec violence
Delly_Le-candelabre-du-temple_<un homme vigoureux-1193>_32641,", ce soir ! Voulez - vous me permettre de"
Delly_Le-candelabre-du-temple_<un homme vigoureux-1193>_32646,- vous me permettre de vous offrir mon bras ?
Delly_Le-candelabre-du-temple_<un homme vigoureux-1193>_32663,", c' est inutile ! J' ai coutume d' aller"
Delly_Le-candelabre-du-temple_<un homme vigoureux-1193>_32676,"tous les temps , répondit - elle avec un instinctif"
Delly_Le-candelabre-du-temple_<un homme vigoureux-1193>_32697,"et continua de marcher à son côté , le pas"
Delly_Le-candelabre-du-temple_<un homme vigoureux-1193>_32730,furieuse rafale s' éleva . Myriam crut qu' elle était
Delly_Le-candelabre-du-temple_<un homme vigoureux-1193>_32733,éleva . Myriam crut qu' elle était soulevée de terre
Delly_Le-candelabre-du-temple_<un homme vigoureux-1193>_32739,était soulevée de terre . Sa main s' étendit pour
Delly_Le-candelabre-du-temple_<un homme vigoureux-1193>_32750,un appui . . . Elle rencontra le bras de
Delly_Le-candelabre-du-temple_<un homme vigoureux-1193>_32760,Siegbert qui s' offrait à elle . Mais elle recula
Delly_Le-candelabre-du-temple_<un homme vigoureux-1193>_32763,"offrait à elle . Mais elle recula , cherchant ,"
Delly_Le-candelabre-du-temple_<un homme vigoureux-1193>_32777,"obscurité , un arbre auquel elle pût se retenir pour"
Delly_Le-candelabre-du-temple_<un homme vigoureux-1193>_32800,la première . . . Myriam se sentit saisie par
Delly_Le-candelabre-du-temple_<un homme vigoureux-1193>_32814,attirée sur une poitrine qui lui servait de rempart contre
Delly_Le-candelabre-du-temple_<un homme vigoureux-1193>_32824,la violence du vent . Son visage se trouva presque
Delly_Le-candelabre-du-temple_<un homme vigoureux-1193>_32849,et tiède senteur de violette lui monta aux narines .
Delly_Le-candelabre-du-temple_<un homme vigoureux-1193>_32860,"pendant ces quelques secondes , elle ressentit une singulière impression"
Delly_Le-candelabre-du-temple_<un homme vigoureux-1193>_32900,"Avec autant de soudaineté qu' elle était venue , la"
Delly_Le-candelabre-du-temple_<un homme vigoureux-1193>_32918,"du prince s' écarta , Myriam se trouva libre ."
Delly_Le-candelabre-du-temple_<un homme vigoureux-1193>_32970,enlevant sa toque . – Vous voici arrivée à bon
Delly_Le-candelabre-du-temple_<un homme vigoureux-1193>_32979,bon port . Mais je vous engage fortement à ne
Delly_Le-candelabre-du-temple_<un homme vigoureux-1193>_32990,"risquer pareille imprudence . – Je remercie Votre Altesse ,"
Delly_Le-candelabre-du-temple_<un homme vigoureux-1193>_32997,"Votre Altesse , dit faiblement Myriam . – Vous n'"
Delly_Le-candelabre-du-temple_<un homme vigoureux-1193>_33000,dit faiblement Myriam . – Vous n' avez pas à
Delly_Le-candelabre-du-temple_<un homme vigoureux-1193>_33005,"Vous n' avez pas à me remercier , madame ;"
Delly_Le-candelabre-du-temple_<un homme vigoureux-1193>_33008,"pas à me remercier , madame ; je n' ai"
Delly_Le-candelabre-du-temple_<un homme vigoureux-1193>_33036,"du parc , tandis que Myriam s' avançait vers la"
Delly_Le-candelabre-du-temple_<un homme vigoureux-1193>_33053,"Sulzer . – Enfin , vous voilà , madame !"
Delly_Le-candelabre-du-temple_<un homme vigoureux-1193>_33056,"Enfin , vous voilà , madame ! . . ."
Delly_Le-candelabre-du-temple_<un homme vigoureux-1193>_33073,"!– Oh ! oui , Myriam , j' étais déjà"
Delly_Le-candelabre-du-temple_<un homme vigoureux-1193>_33075,"! oui , Myriam , j' étais déjà si inquiète"
Delly_Le-candelabre-du-temple_<un homme vigoureux-1193>_33083,"si inquiète ! s' écria Rachel , qui apparaissait derrière"
Delly_Le-candelabre-du-temple_<un homme vigoureux-1193>_33085,"! s' écria Rachel , qui apparaissait derrière Mme Sulzer"
Delly_Le-candelabre-du-temple_<un homme vigoureux-1193>_33095,". – Pauvre chérie , je suis désolée ! ."
Delly_Le-candelabre-du-temple_<un homme vigoureux-1193>_33105,. . Mais cette tourmente m' a surprise . .
Delly_Le-candelabre-du-temple_<un homme vigoureux-1193>_33116,– C' était Gloster qui vous accompagnait ? demanda Mme
Delly_Le-candelabre-du-temple_<un homme vigoureux-1193>_33125,"Mme Sulzer , tandis que la jeune femme entrait dans"
Delly_Le-candelabre-du-temple_<un homme vigoureux-1193>_33142,"tout à coup changée , Myriam répondit :– Non ,"
Delly_Le-candelabre-du-temple_<un homme vigoureux-1193>_33166,! bégaya Mme Sulzer . Rachel saisit la main de
Delly_Le-candelabre-du-temple_<un homme vigoureux-1193>_33171,Rachel saisit la main de sa sœur et leva ses
Delly_Le-candelabre-du-temple_<un homme vigoureux-1193>_33174,main de sa sœur et leva ses doux yeux sur
Delly_Le-candelabre-du-temple_<un homme vigoureux-1193>_33175,de sa sœur et leva ses doux yeux sur le
Delly_Le-candelabre-du-temple_<un homme vigoureux-1193>_33188,"altéré . – Oh ! ton mari , Myriam !"
Delly_Le-candelabre-du-temple_<un homme vigoureux-1193>_33191,"Oh ! ton mari , Myriam ! Tu l' as"
Delly_Le-candelabre-du-temple_<un homme vigoureux-1193>_33193,"ton mari , Myriam ! Tu l' as rencontré ?–"
Delly_Le-candelabre-du-temple_<un homme vigoureux-1193>_33212,abri . – Et il t' a reconnue ? .
Delly_Le-candelabre-du-temple_<un homme vigoureux-1193>_33224,Il a été bien pour toi ?– Il s' est
Delly_Le-candelabre-du-temple_<un homme vigoureux-1193>_33245,"de lui , répondit tranquillement Myriam . Allons , mignonne"
Delly_Le-candelabre-du-temple_<un homme vigoureux-1193>_33249,"tranquillement Myriam . Allons , mignonne , laisse - moi"
Delly_Le-candelabre-du-temple_<un homme vigoureux-1193>_33251,". Allons , mignonne , laisse - moi , que"
Delly_Le-candelabre-du-temple_<un homme vigoureux-1193>_33256,"laisse - moi , que je change vite de chaussures"
Delly_Le-candelabre-du-temple_<un homme vigoureux-1193>_33263,vite de chaussures et que j' aille enlever ce manteau
Delly_Le-candelabre-du-temple_<un homme vigoureux-1193>_33302,", mais au dîner , Myriam remarqua son air préoccupé"
Delly_Le-candelabre-du-temple_<un homme vigoureux-1193>_33329,sorte d' acrimonie – que lui témoignait son hôtesse .
Delly_Le-candelabre-du-temple_<un homme vigoureux-1193>_33331,acrimonie – que lui témoignait son hôtesse . La jeune
Delly_Le-candelabre-du-temple_<un homme vigoureux-1193>_33334,lui témoignait son hôtesse . La jeune femme ne chercha
Delly_Le-candelabre-du-temple_<un homme vigoureux-1193>_33346,en découvrir la raison . Elle - même avait peine
Delly_Le-candelabre-du-temple_<un homme vigoureux-1193>_33358,contre l' émotion pénible que lui causait cette rencontre inopinée
Delly_Le-candelabre-du-temple_<un homme vigoureux-1193>_33406,du monde en présence de la femme qu' il devait
Delly_Le-candelabre-du-temple_<un homme vigoureux-1193>_33408,en présence de la femme qu' il devait haïr comme
Delly_Le-candelabre-du-temple_<un homme vigoureux-1193>_33419,obstacle odieux et mépriser pour son origine . Était -
Delly_Le-candelabre-du-temple_<un homme vigoureux-1193>_33436,autrefois terrifié par son accueil la petite Myriam ? Certes
Delly_Le-candelabre-du-temple_<un homme vigoureux-1193>_33463,", énergique et profond , la jeune femme , ce"
Delly_Le-candelabre-du-temple_<un homme vigoureux-1193>_33487,le jeune comte de Hornstedt l' avait jadis foudroyée .
Delly_Le-candelabre-du-temple_<un homme vigoureux-1193>_33502,"lieu de feindre de ne l' avoir pas reconnue ,"
Delly_Le-candelabre-du-temple_<un homme vigoureux-1193>_33522,lui cependant – d' accompagner celle dont le sort devait
Delly_Le-candelabre-du-temple_<un homme vigoureux-1193>_33523,cependant – d' accompagner celle dont le sort devait lui
Delly_Le-candelabre-du-temple_<un homme vigoureux-1193>_33536,indifférent . . . et dont la mort serait pour
Delly_Le-candelabre-du-temple_<un homme vigoureux-1193>_33548,délivrance ?Mais à quoi pensait - elle là ? .
Delly_Le-candelabre-du-temple_<un homme vigoureux-1193>_33587,"de protéger , s' il la voyait menacée , cette"
Delly_Le-candelabre-du-temple_<un homme vigoureux-1193>_33616,soir . . . . Myriam songeait à toutes ces
Delly_Le-candelabre-du-temple_<un homme vigoureux-1193>_33623,"à toutes ces choses dans sa chambre , attenante à"
Delly_Le-candelabre-du-temple_<un homme vigoureux-1193>_33637,"Accoudée à la table qui lui servait de bureau ,"
Delly_Le-candelabre-du-temple_<un homme vigoureux-1193>_33642,"lui servait de bureau , elle appuyait sur sa main"
Delly_Le-candelabre-du-temple_<un homme vigoureux-1193>_33645,"bureau , elle appuyait sur sa main son front qu'"
Delly_Le-candelabre-du-temple_<un homme vigoureux-1193>_33647,elle appuyait sur sa main son front qu' auréolait la
Delly_Le-candelabre-du-temple_<un homme vigoureux-1193>_33657,masse ondulante et dorée de sa chevelure . . .
Delly_Le-candelabre-du-temple_<un homme vigoureux-1193>_33664,". . . Autour d' elle , lui semblait -"
Delly_Le-candelabre-du-temple_<un homme vigoureux-1193>_33666,". Autour d' elle , lui semblait - il ,"
Delly_Le-candelabre-du-temple_<un homme vigoureux-1193>_33686,"enivrant . Jusqu' alors , elle avait essayé d' oublier"
Delly_Le-candelabre-du-temple_<un homme vigoureux-1193>_33698,", cette nocturne cérémonie qui lui semblait un mauvais rêve"
Delly_Le-candelabre-du-temple_<un homme vigoureux-1193>_33706,"mauvais rêve , ce lien l' unissant à un étranger"
Delly_Le-candelabre-du-temple_<un homme vigoureux-1193>_33712,unissant à un étranger qu' elle ne devait jamais revoir
Delly_Le-candelabre-du-temple_<un homme vigoureux-1193>_33746,événement . . . Mais elle venait de le revoir
Delly_Le-candelabre-du-temple_<un homme vigoureux-1193>_33756,", cet étranger qui était son mari , et l'"
Delly_Le-candelabre-du-temple_<un homme vigoureux-1193>_33777,"situation douloureuse qui serait la sienne , toujours . Oui"
Delly_Le-candelabre-du-temple_<un homme vigoureux-1193>_33788,cette rencontre enlevait réellement à Myriam un peu du repos
Delly_Le-candelabre-du-temple_<un homme vigoureux-1193>_33794,un peu du repos de son cœur . Tous ceux
Delly_Le-candelabre-du-temple_<vos-703>_18097,. . . « Si vos rhumatismes vous laissent en
Delly_Le-candelabre-du-temple_<vos-703>_18123,ai une importante communication à vous faire et une mission
Delly_Le-candelabre-du-temple_<vos-703>_18131,une mission de confiance à vous donner . En même
Delly_Le-candelabre-du-temple_<vos-703>_18160,famille . Je compte sur vous demain soir . En
Delly_Le-candelabre-du-temple_<vos-703>_18180,"courrier . Surtout , je vous recommande une discrétion absolue"
Delly_Le-candelabre-du-temple_<vos-703>_18197,"Pendant un long moment , Mme Sulzer demeura figée dans"
Delly_Le-candelabre-du-temple_<vos-703>_18205,figée dans l' ébahissement . Son maître l' appelait à
Delly_Le-candelabre-du-temple_<vos-703>_18207,l' ébahissement . Son maître l' appelait à Vienne !
Delly_Le-candelabre-du-temple_<vos-703>_18225,"confiance ! . . . elle , Martha Sulzer ,"
Delly_Le-candelabre-du-temple_<vos-703>_18227,". . . elle , Martha Sulzer , qui se"
Delly_Le-candelabre-du-temple_<vos-703>_18230,"elle , Martha Sulzer , qui se précipiterait dans une"
Delly_Le-candelabre-du-temple_<vos-703>_18253,de pouvoir lui prouver ainsi son dévouement !Quant à la
Delly_Le-candelabre-du-temple_<vos-703>_18263,"nature de cette mission , Mme Sulzer se perdait en"
Delly_Le-candelabre-du-temple_<vos-703>_18310,comme se le répétait orgueilleusement Mme Sulzer en approchant de
Delly_Le-candelabre-du-temple_<vos-703>_18315,Mme Sulzer en approchant de son long nez la carte
Delly_Le-candelabre-du-temple_<vos-703>_18328,discret parfum de violette . Elle la rangea précieusement dans
Delly_Le-candelabre-du-temple_<vos-703>_18377,". . puis , secouant sa stupéfaction , elle courut"
Delly_Le-candelabre-du-temple_<vos-703>_18380,", secouant sa stupéfaction , elle courut à la recherche"
Delly_Le-candelabre-du-temple_<vos-703>_18390,"d' un indicateur , le compulsa fiévreusement , nota l'"
Delly_Le-candelabre-du-temple_<vos-703>_18393,", le compulsa fiévreusement , nota l' heure des trains"
Delly_Le-candelabre-du-temple_<vos-703>_18402,"trains . Cela fait , elle ouvrit une vaste armoire"
Delly_Le-candelabre-du-temple_<vos-703>_18409,une vaste armoire et atteignit sa robe de soie noire
Delly_Le-candelabre-du-temple_<vos-703>_18425,". D' un carton , elle sortit son plus beau"
Delly_Le-candelabre-du-temple_<vos-703>_18427,"un carton , elle sortit son plus beau chapeau ,"
Delly_Le-candelabre-du-temple_<vos-703>_18433,"plus beau chapeau , et elle eut un soupir de"
Delly_Le-candelabre-du-temple_<vos-703>_18442,de regret en songeant qu' elle n' avait pas voulu
Delly_Le-candelabre-du-temple_<vos-703>_18466,"datant de trois années , lui paraissant très suffisant pour"
Delly_Le-candelabre-du-temple_<vos-703>_18479,Gleitz . Ah ! si elle avait pu prévoir l'
Delly_Le-candelabre-du-temple_<vos-703>_18486,pu prévoir l' honneur qui l' attendait !Dans sa préoccupation
Delly_Le-candelabre-du-temple_<vos-703>_18489,honneur qui l' attendait !Dans sa préoccupation et son allégresse
Delly_Le-candelabre-du-temple_<vos-703>_18492,"attendait !Dans sa préoccupation et son allégresse , Mme Sulzer"
Delly_Le-candelabre-du-temple_<vos-703>_18495,"préoccupation et son allégresse , Mme Sulzer oubliait l' autre"
Delly_Le-candelabre-du-temple_<vos-703>_18513,"prince . Le soir , elle la retrouva sur le"
Delly_Le-candelabre-du-temple_<vos-703>_18523,coin de la cheminée où elle l' avait machinalement posée
Delly_Le-candelabre-du-temple_<vos-703>_18542,"Myriam ! murmura - t - elle , en voyant"
Delly_Le-candelabre-du-temple_<vos-703>_18637,elles . C' était à Mme Sulzer que Myriam et
Delly_Le-candelabre-du-temple_<vos-703>_18653,"dans l' année , pour lui donner de leurs nouvelles"
Delly_Le-candelabre-du-temple_<vos-703>_18661,"leurs nouvelles , ainsi qu' elle le leur avait demandé"
Delly_Le-candelabre-du-temple_<vos-703>_18672,Si peu sensible que fût l' ancienne femme de charge
Delly_Le-candelabre-du-temple_<vos-703>_18678,"ancienne femme de charge , elle n' avait pu échapper"
Delly_Le-candelabre-du-temple_<vos-703>_18694,"ces deux enfants , et continuait de leur porter un"
Delly_Le-candelabre-du-temple_<vos-703>_18743,trop souffrante pour voyager . Mme Sulzer avait bien eu
Delly_Le-candelabre-du-temple_<vos-703>_18759,"les aller voir , mais elle y avait renoncé ,"
Delly_Le-candelabre-du-temple_<vos-703>_18774,", à la réflexion , lui ayant paru absolument inutile"
Delly_Le-candelabre-du-temple_<vos-703>_18787,"intermédiaire de Mme Oldrecht , elle savait que les enfants"
Delly_Le-candelabre-du-temple_<vos-703>_18842,", ajoutait la Supérieure dans sa dernière lettre à la"
Delly_Le-candelabre-du-temple_<vos-703>_18861,"détails suffisaient après tout à Mme Sulzer , qui taxait"
Delly_Le-candelabre-du-temple_<vos-703>_18864,"tout à Mme Sulzer , qui taxait de faiblesse son"
Delly_Le-candelabre-du-temple_<vos-703>_18868,", qui taxait de faiblesse son intérêt pour ces étrangères"
Delly_Le-candelabre-du-temple_<vos-703>_18884,être méprisable – intérêt qu' elle attribuait surtout au souvenir
Delly_Le-candelabre-du-temple_<vos-703>_18890,"attribuait surtout au souvenir de sa petite fille morte ,"
Delly_Le-candelabre-du-temple_<vos-703>_18897,"fille morte , que Rachel lui rappelait . Ce soir"
Delly_Le-candelabre-du-temple_<vos-703>_18905,"Ce soir - là , elle parcourut rapidement la lettre"
Delly_Le-candelabre-du-temple_<vos-703>_18913,la lettre dans laquelle Myriam lui donnait des nouvelles de
Delly_Le-candelabre-du-temple_<vos-703>_18933,"médecin paraît satisfait , ajoutait la jeune fille . Mais"
Delly_Le-candelabre-du-temple_<vos-703>_18963,à notre gré . On m' a parlé ici d'
Delly_Le-candelabre-du-temple_<vos-703>_18982,quelques pensionnaires . Ne pensez - vous pas que je
Delly_Le-candelabre-du-temple_<vos-703>_18986,pensez - vous pas que je pourrais écrire à M
Delly_Le-candelabre-du-temple_<vos-703>_19020,":– Bien sûr , qu' elle peut écrire à Glotz"
Delly_Le-candelabre-du-temple_<vos-703>_19076,"conclusion pleine de dégoût , elle mit au hasard la"
Delly_Le-candelabre-du-temple_<vos-703>_19083,au hasard la lettre de Myriam dans un tiroir .
Delly_Le-candelabre-du-temple_<vos-703>_19094,"hui , en vérité , elle avait bien autre chose"
Delly_Le-candelabre-du-temple_<vos-703>_19113,"! Le lendemain matin , Mme Sulzer , rayonnante et"
Delly_Le-candelabre-du-temple_<vos-703>_19134,Gleitz la diligence qui devait la conduire à la plus
Delly_Le-candelabre-du-temple_<vos-703>_19146,de chemin de fer . Elle laissait Dorothée tout ébahie
Delly_Le-candelabre-du-temple_<vos-703>_19161,"voyage subit « pour voir une nièce » , avait"
Delly_Le-candelabre-du-temple_<vos-703>_19180,"nuit était complète , quand Mme Sulzer arriva à Vienne"
Delly_Le-candelabre-du-temple_<vos-703>_19186,Sulzer arriva à Vienne . Elle prit une voiture et
Delly_Le-candelabre-du-temple_<vos-703>_19191,Elle prit une voiture et se fit conduire au palais
Delly_Le-candelabre-du-temple_<vos-703>_19192,prit une voiture et se fit conduire au palais de
Delly_Le-candelabre-du-temple_<vos-703>_19215,la capitale autrichienne . Quand elle eut franchi le seuil
Delly_Le-candelabre-du-temple_<vos-703>_19234,"Tiepolo et féeriquement éclairé , la vieille femme vit s'"
Delly_Le-candelabre-du-temple_<vos-703>_19241,"femme vit s' avancer vers elle un des laquais ,"
Delly_Le-candelabre-du-temple_<vos-703>_19253,"de l' entrée , qui lui demanda son nom et"
Delly_Le-candelabre-du-temple_<vos-703>_19255,"entrée , qui lui demanda son nom et , ayant"
Delly_Le-candelabre-du-temple_<vos-703>_19265,"visiblement reçu des ordres , la conduisit aussitôt , par"
Delly_Le-candelabre-du-temple_<vos-703>_19288,un petit salon où il la laissa en la priant
Delly_Le-candelabre-du-temple_<vos-703>_19291,où il la laissa en la priant de s' asseoir
Delly_Le-candelabre-du-temple_<vos-703>_19297,priant de s' asseoir . Mme Sulzer était trop émue
Delly_Le-candelabre-du-temple_<vos-703>_19409,de tout le plaisir qu' elle s' était promis dans
Delly_Le-candelabre-du-temple_<vos-703>_19422,"splendeurs au milieu desquelles vivait son cher jeune seigneur ,"
Delly_Le-candelabre-du-temple_<vos-703>_19427,"son cher jeune seigneur , Mme Sulzer ne pouvait arrêter"
Delly_Le-candelabre-du-temple_<vos-703>_19432,Mme Sulzer ne pouvait arrêter son attention sur ce qui
Delly_Le-candelabre-du-temple_<vos-703>_19437,son attention sur ce qui l' entourait . De plus
Delly_Le-candelabre-du-temple_<vos-703>_19445,"De plus en plus , elle se demandait avec anxiété"
Delly_Le-candelabre-du-temple_<vos-703>_19476,encadra dans l' ouverture . Mme Sulzer se leva précipitamment
Delly_Le-candelabre-du-temple_<vos-703>_19482,Sulzer se leva précipitamment et plongea dans une profonde révérence
Delly_Le-candelabre-du-temple_<vos-703>_19491,"révérence . – Bonjour , ma bonne Sulzer , dit"
Delly_Le-candelabre-du-temple_<vos-703>_19506,passaient des intonations bienveillantes . Je vous remercie d' avoir
Delly_Le-candelabre-du-temple_<vos-703>_19515,avoir répondu si vite à mon appel . – Oh
Delly_Le-candelabre-du-temple_<vos-703>_19542,"sa disposition !– Oui , je sais que je puis"
Delly_Le-candelabre-du-temple_<vos-703>_19545,"Oui , je sais que je puis compter sur votre"
Delly_Le-candelabre-du-temple_<vos-703>_19569,. Venez par ici . Elle le suivit dans la
Delly_Le-candelabre-du-temple_<vos-703>_19615,et indiqua du geste à Mme Sulzer un siège en
Delly_Le-candelabre-du-temple_<vos-703>_19624,"en face de lui . Elle s' assit , tout"
Delly_Le-candelabre-du-temple_<vos-703>_19700,lui autrefois . Mais si Mme Sulzer n' avait pas
Delly_Le-candelabre-du-temple_<vos-703>_19711,"en une telle extase , elle aurait aussitôt remarqué l'"
Delly_Le-candelabre-du-temple_<vos-703>_19750,du Siegbert de Hornstedt que l' ancienne femme de charge
Delly_Le-candelabre-du-temple_<vos-703>_19777,"- moi d' abord , Sulzer , le secret absolu"
Delly_Le-candelabre-du-temple_<vos-703>_19787,sur ce que je vais vous apprendre et sur ce
Delly_Le-candelabre-du-temple_<vos-703>_19799,passera ensuite . Une de vos qualités est la discrétion
Delly_Le-candelabre-du-temple_<vos-703>_19811,"le sais ; or , vous aurez à en faire"
Delly_Le-candelabre-du-temple_<vos-703>_19821,preuve en cette circonstance . Mme Sulzer déclara solennellement :–
Delly_Le-candelabre-du-temple_<vos-703>_19831,Votre Altesse peut compter sur moi ! Pas un mot
Delly_Le-candelabre-du-temple_<vos-703>_19839,un mot ne sortira de ma bouche sans sa permission
Delly_Le-candelabre-du-temple_<vos-703>_19868,", quelque stupéfiante que puisse vous paraître ma communication ."
Delly_Le-candelabre-du-temple_<vos-703>_19880,", Votre Altesse , murmura Mme Sulzer , un peu"
Delly_Le-candelabre-du-temple_<vos-703>_19898,dur et glacé que prenait la voix du prince .
Delly_Le-candelabre-du-temple_<vos-703>_19921,"un serment fait autrefois par mon père , et renouvelé"
Delly_Le-candelabre-du-temple_<vos-703>_19927,"père , et renouvelé par moi à son lit de"
Delly_Le-candelabre-du-temple_<vos-703>_19934,"son lit de mort , je dois épouser la fille"
Delly_Le-candelabre-du-temple_<vos-703>_19951,seize ans . . . Mme Sulzer sursauta en retenant
Delly_Le-candelabre-du-temple_<vos-703>_19960,"retenant une exclamation , et ses yeux écarquillés témoignèrent d'"
Delly_Le-candelabre-du-temple_<vos-703>_20097,"âge , je compte sur vous , Sulzer , pour"
Delly_Le-candelabre-du-temple_<vos-703>_20099,"je compte sur vous , Sulzer , pour lui servir"
Delly_Le-candelabre-du-temple_<vos-703>_20110,"mentor et la recevoir chez vous , au moins pendant"
Delly_Le-candelabre-du-temple_<vos-703>_20127,"qu' après la cérémonie , vous voyagiez un peu ,"
Delly_Le-candelabre-du-temple_<vos-703>_20145,vraisemblance à l' histoire que vous serez obligée de raconter
Delly_Le-candelabre-du-temple_<vos-703>_20162,de la comtesse Würmstein . Vous laisserez les choses dans
Delly_Le-candelabre-du-temple_<vos-703>_20174,", du reste , et renverrez poliment les questionneurs à"
Delly_Le-candelabre-du-temple_<vos-703>_20182,questionneurs à leurs affaires . Mme Sulzer se demandait si
Delly_Le-candelabre-du-temple_<vos-703>_20187,Mme Sulzer se demandait si elle ne rêvait pas .
Delly_Le-candelabre-du-temple_<vos-703>_20192,elle ne rêvait pas . Ses prunelles dilatées par la
Delly_Le-candelabre-du-temple_<vos-703>_20228,"silence , demanda :– Savez - vous quelle est la"
Delly_Le-candelabre-du-temple_<vos-703>_20235,"quelle est la nature de cette jeune fille , Sulzer"
Delly_Le-candelabre-du-temple_<vos-703>_20239,"de cette jeune fille , Sulzer ?– D' après ce"
Delly_Le-candelabre-du-temple_<vos-703>_20245,"?– D' après ce qu' en dit la Supérieure ,"
Delly_Le-candelabre-du-temple_<vos-703>_20253,"Supérieure , Votre Altesse , elle est restée ce qu'"
Delly_Le-candelabre-du-temple_<vos-703>_20258,elle est restée ce qu' elle était quand je l'
Delly_Le-candelabre-du-temple_<vos-703>_20261,ce qu' elle était quand je l' ai vue il
Delly_Le-candelabre-du-temple_<vos-703>_20262,qu' elle était quand je l' ai vue il y
Delly_Le-candelabre-du-temple_<vos-703>_20287,"s' agit du bien de sa sœur , par exemple"
Delly_Le-candelabre-du-temple_<vos-703>_20310,– Il est indispensable qu' elle se rende bien compte
Delly_Le-candelabre-du-temple_<vos-703>_20321,"la situation , et qu' elle l' accepte en toute"
Delly_Le-candelabre-du-temple_<vos-703>_20331,"loyauté . Très probablement , elle ignore ce qu' est"
Delly_Le-candelabre-du-temple_<vos-703>_20336,elle ignore ce qu' est son grand - père .
Delly_Le-candelabre-du-temple_<vos-703>_20346,Il serait cruel de le lui apprendre . Mais vous
Delly_Le-candelabre-du-temple_<vos-703>_20352,apprendre . Mais vous pourrez lui laisser entendre qu' en
Delly_Le-candelabre-du-temple_<vos-703>_20357,lui laisser entendre qu' en l' épousant pour accomplir le
Delly_Le-candelabre-du-temple_<vos-703>_20365,accomplir le serment exigé de mon père en retour d'
Delly_Le-candelabre-du-temple_<vos-703>_20378,"par le comte Würmstein , je fais une très grande"
Delly_Le-candelabre-du-temple_<vos-703>_20390,étant donné l' origine de sa mère – une mésalliance
Delly_Le-candelabre-du-temple_<vos-703>_20400,"qui , au cas où elle serait connue , m'"
Delly_Le-candelabre-du-temple_<vos-703>_20404,"où elle serait connue , m' obligerait à m' éloigner"
Delly_Le-candelabre-du-temple_<vos-703>_20415,"la cour , changerait complètement mon existence . Si cette"
Delly_Le-candelabre-du-temple_<vos-703>_20419,complètement mon existence . Si cette jeune fille est intelligente
Delly_Le-candelabre-du-temple_<vos-703>_20430,"douée de quelque délicatesse , elle comprendra quel dur sacrifice"
Delly_Le-candelabre-du-temple_<vos-703>_20437,"quel dur sacrifice représente pour moi ce mariage forcé ,"
Delly_Le-candelabre-du-temple_<vos-703>_20459,"vivions pas séparés , et elle se soumettra docilement à"
Delly_Le-candelabre-du-temple_<vos-703>_20466,soumettra docilement à ce que j' exige d' elle .
Delly_Le-candelabre-du-temple_<vos-703>_20469,ce que j' exige d' elle . Chacun de nous
Delly_Le-candelabre-du-temple_<vos-703>_20495,indépendance – limitée seulement pour la comtesse jusqu' à sa
Delly_Le-candelabre-du-temple_<vos-703>_20499,pour la comtesse jusqu' à sa majorité . Mais elle
Delly_Le-candelabre-du-temple_<vos-703>_20503,à sa majorité . Mais elle devra prendre l' engagement
Delly_Le-candelabre-du-temple_<vos-703>_20527,de la fortune maternelle . Je lui servirai une pension
Delly_Le-candelabre-du-temple_<vos-703>_20528,la fortune maternelle . Je lui servirai une pension supérieure
Delly_Le-candelabre-du-temple_<vos-703>_20547,est trop odieuse pour que je supporte que cette jeune
Delly_Le-candelabre-du-temple_<vos-703>_20550,pour que je supporte que cette jeune femme en vive
Delly_Le-candelabre-du-temple_<vos-703>_20572,"Tout ceci , vous le lui expliquerez , Sulzer ,"
Delly_Le-candelabre-du-temple_<vos-703>_20581,", de telle sorte qu' elle comprenne bien que j'"
Delly_Le-candelabre-du-temple_<vos-703>_20585,qu' elle comprenne bien que j' obéis seulement à une
Delly_Le-candelabre-du-temple_<vos-703>_20599,nous resterons toujours des étrangers l' un pour l' autre
Delly_Le-candelabre-du-temple_<vos-703>_20602,des étrangers l' un pour l' autre et qu' elle
Delly_Le-candelabre-du-temple_<vos-703>_20606,pour l' autre et qu' elle n' ait pas un
Delly_Le-candelabre-du-temple_<vos-703>_20621,changer cette situation . – Je ferai du moins tout
Delly_Le-candelabre-du-temple_<vos-703>_20626,"Je ferai du moins tout mon possible , Votre Altesse"
Delly_Le-candelabre-du-temple_<vos-703>_20629,"moins tout mon possible , Votre Altesse . . ."
Delly_Le-candelabre-du-temple_<vos-703>_20634,Votre Altesse . . . Il se renversa un peu
Delly_Le-candelabre-du-temple_<vos-703>_20640,"se renversa un peu dans son fauteuil et , pendant"
Delly_Le-candelabre-du-temple_<vos-703>_20648,", pendant un instant , ses doigts tourmentèrent nerveusement un"
Delly_Le-candelabre-du-temple_<vos-703>_20658,coupe - papier pris sur son bureau . – J'
Delly_Le-candelabre-du-temple_<vos-703>_20662,sur son bureau . – J' ai hâte que ce
Delly_Le-candelabre-du-temple_<vos-703>_20671,ce soit terminé ! reprit - il tout à coup
Delly_Le-candelabre-du-temple_<vos-703>_20692,"tôt possible , demain si vous n' êtes pas fatiguée"
Delly_Le-candelabre-du-temple_<vos-703>_20698,"n' êtes pas fatiguée , vous partirez pour ce couvent"
Delly_Le-candelabre-du-temple_<vos-703>_20704,"partirez pour ce couvent , vous ferez part à la"
Delly_Le-candelabre-du-temple_<vos-703>_20714,comtesse Würmstein de ce que je viens de vous dire
Delly_Le-candelabre-du-temple_<vos-703>_20717,"ce que je viens de vous dire . Puis ,"
Delly_Le-candelabre-du-temple_<vos-703>_20730,"raison plausible aux religieuses , vous l' emmènerez à Rome"
Delly_Le-candelabre-du-temple_<vos-703>_20731,"plausible aux religieuses , vous l' emmènerez à Rome ,"
Delly_Le-candelabre-du-temple_<vos-703>_20757,est prêt pour cela . Il passa la main sur
Delly_Le-candelabre-du-temple_<vos-703>_20762,"Il passa la main sur son front , puis ,"
Delly_Le-candelabre-du-temple_<vos-703>_20771,", redressant la tête , regarda son interlocutrice dont la"
Delly_Le-candelabre-du-temple_<vos-703>_20772,"redressant la tête , regarda son interlocutrice dont la physionomie"
Delly_Le-candelabre-du-temple_<vos-703>_20774,"tête , regarda son interlocutrice dont la physionomie continuait d'"
Delly_Le-candelabre-du-temple_<vos-703>_20787,le plus complet . – Vous n' en revenez pas
Delly_Le-candelabre-du-temple_<vos-703>_20793,"n' en revenez pas , ma pauvre Sulzer ? dit"
Delly_Le-candelabre-du-temple_<vos-703>_20798,ma pauvre Sulzer ? dit - il avec un sourire
Delly_Le-candelabre-du-temple_<vos-703>_20816,", en effet , que je me trouve acculé à"
Delly_Le-candelabre-du-temple_<vos-703>_20848,. . . Oh ! Altesse ! Il n' y
Delly_Le-candelabre-du-temple_<vos-703>_20862,? . . . Si Myriam refusait ? . .
Delly_Le-candelabre-du-temple_<vos-703>_20869,? . . . – Elle ne refusera pas .
Delly_Le-candelabre-du-temple_<vos-703>_20874,"Elle ne refusera pas . Son père , dans ses"
Delly_Le-candelabre-du-temple_<vos-703>_20878,". Son père , dans ses dernières volontés , lui"
Delly_Le-candelabre-du-temple_<vos-703>_20882,"dans ses dernières volontés , lui fait une obligation formelle"
Delly_Le-candelabre-du-temple_<vos-703>_20891,formelle de ce mariage . Mme Sulzer bégaya :– Alors
Delly_Le-candelabre-du-temple_<vos-703>_20897,"Sulzer bégaya :– Alors , Votre Altesse ne peut pas"
Delly_Le-candelabre-du-temple_<vos-703>_20920,", c' est impossible . J' ai donné ma parole"
Delly_Le-candelabre-du-temple_<vos-703>_20923,impossible . J' ai donné ma parole . . .
Delly_Le-candelabre-du-temple_<vos-703>_20930,". . . Allons , prenez maintenant un peu de"
Delly_Le-candelabre-du-temple_<vos-703>_20939,de repos . Allez retrouver votre nièce et faites -
Delly_Le-candelabre-du-temple_<vos-703>_20943,retrouver votre nièce et faites - vous bien soigner par
Delly_Le-candelabre-du-temple_<vos-703>_20948,- vous bien soigner par elle . Vous inventerez ce
Delly_Le-candelabre-du-temple_<vos-703>_20950,bien soigner par elle . Vous inventerez ce que vous
Delly_Le-candelabre-du-temple_<vos-703>_20954,. Vous inventerez ce que vous voudrez au sujet de
Delly_Le-candelabre-du-temple_<vos-703>_20959,vous voudrez au sujet de mon appel . . .
Delly_Le-candelabre-du-temple_<vos-703>_20966,. . . Et si vous avez quelques renseignements supplémentaires
Delly_Le-candelabre-du-temple_<vos-703>_20972,"avez quelques renseignements supplémentaires à me demander , venez me"
Delly_Le-candelabre-du-temple_<vos-703>_20976,"à me demander , venez me trouver avant votre départ"
Delly_Le-candelabre-du-temple_<vos-703>_20979,", venez me trouver avant votre départ . Glotz ,"
Delly_Le-candelabre-du-temple_<vos-703>_20991,"naturellement dans le secret , vous remettra l' argent nécessaire"
Delly_Le-candelabre-du-temple_<vos-703>_21007,", par la suite , vous paraîtront utiles . Il"
Delly_Le-candelabre-du-temple_<vos-703>_21011,", vous paraîtront utiles . Il lui tendit la main"
Delly_Le-candelabre-du-temple_<vos-703>_21012,vous paraîtront utiles . Il lui tendit la main .
Delly_Le-candelabre-du-temple_<vos-703>_21017,lui tendit la main . Mme Sulzer la prit doucement
Delly_Le-candelabre-du-temple_<vos-703>_21019,la main . Mme Sulzer la prit doucement entre ses
Delly_Le-candelabre-du-temple_<vos-703>_21023,Sulzer la prit doucement entre ses larges doigts gantés de
Delly_Le-candelabre-du-temple_<vos-703>_21042,", en se courbant , elle l' effleura de ses"
Delly_Le-candelabre-du-temple_<vos-703>_21043,"en se courbant , elle l' effleura de ses lèvres"
Delly_Le-candelabre-du-temple_<vos-703>_21046,", elle l' effleura de ses lèvres , en laissant"
Delly_Le-candelabre-du-temple_<vos-703>_21068,moment la hautaine physionomie . Siegbert se pencha vers la
Delly_Le-candelabre-du-temple_<vos-703>_21072,. Siegbert se pencha vers la vieille femme et dit
Delly_Le-candelabre-du-temple_<vos-703>_21076,vers la vieille femme et dit à mi - voix
Delly_Le-candelabre-du-temple_<vos-703>_21087,en revenant au tutoiement de son enfance :– Tu me
Delly_Le-candelabre-du-temple_<vos-703>_21090,"tutoiement de son enfance :– Tu me plains , ma"
Delly_Le-candelabre-du-temple_<vos-703>_21091,"de son enfance :– Tu me plains , ma pauvre"
Delly_Le-candelabre-du-temple_<vos-703>_21094,":– Tu me plains , ma pauvre Sulzer ? ."
Delly_Le-candelabre-du-temple_<vos-703>_21103,". . . Que veux - tu , c' est"
Delly_Le-candelabre-du-temple_<vos-703>_21121,"En se redressant aussitôt , il indiqua du geste que"
Delly_Le-candelabre-du-temple_<vos-703>_21131,l' entretien était terminé . Mme Sulzer s' inclina profondément
Delly_Le-candelabre-du-temple_<vos-703>_21138,"s' inclina profondément et s' éloigna , l' âme bouleversée"
Delly_Le-candelabre-du-temple_<vos-703>_21153,par l' incroyable nouvelle . Siegbert demeura un long moment
Delly_Le-candelabre-du-temple_<vos-703>_21164,", le front appuyé sur sa main . Toute son"
Delly_Le-candelabre-du-temple_<vos-703>_21168,sur sa main . Toute son âme orgueilleuse frémissait de
Delly_Le-candelabre-du-temple_<vos-703>_21182,"une sorte de haine pour l' étrangère méprisée qui ,"
Delly_Le-candelabre-du-temple_<vos-703>_21185,"haine pour l' étrangère méprisée qui , devant Dieu ,"
Delly_Le-candelabre-du-temple_<vos-703>_21196,le droit de se dire sa femme . Depuis la
Delly_Le-candelabre-du-temple_<vos-703>_21203,". Depuis la mort de son père , il se"
Delly_Le-candelabre-du-temple_<vos-703>_21206,"mort de son père , il se voyait acculé sans"
Delly_Le-candelabre-du-temple_<vos-703>_21217,"à cette union odieuse – lui , le beau prince"
Delly_Le-candelabre-du-temple_<vos-703>_21219,"union odieuse – lui , le beau prince de Hornstedt"
Delly_Le-candelabre-du-temple_<vos-703>_21260,", le tourment secret de son existence très heureuse ,"
Delly_Le-candelabre-du-temple_<vos-703>_21298,serait qu' une formalité . Siegbert le cacherait comme une
Delly_Le-candelabre-du-temple_<vos-703>_21305,cacherait comme une honte et demeurerait aux yeux de tous
Delly_Le-candelabre-du-temple_<vos-703>_21310,"demeurerait aux yeux de tous un célibataire irréductible , qui"
Delly_Le-candelabre-du-temple_<vos-703>_21314,"tous un célibataire irréductible , qui laisserait tomber le vieux"
Delly_Le-candelabre-du-temple_<vos-703>_21322,le vieux nom illustre dont il se trouvait le dernier
Delly_Le-candelabre-du-temple_<vos-703>_21333,". À cette pensée , il tressaillit de fureur et"
Delly_Le-candelabre-du-temple_<vos-703>_21338,"il tressaillit de fureur et se mit debout , en"
Delly_Le-candelabre-du-temple_<vos-703>_21361,. maudit Würmstein ! dit - il sourdement . Il
Delly_Le-candelabre-du-temple_<vos-703>_21365,dit - il sourdement . Il arpenta un instant la
Delly_Le-candelabre-du-temple_<vos-703>_21378,"bras croisés , puis s' arrêta , calmé en apparence"
Delly_Le-candelabre-du-temple_<vos-703>_21409,"angle de la pièce , il sonna , endossa la"
Delly_Le-candelabre-du-temple_<vos-703>_21412,"pièce , il sonna , endossa la pelisse que lui"
Delly_Le-candelabre-du-temple_<vos-703>_21416,", endossa la pelisse que lui apporta son valet de"
Delly_Le-candelabre-du-temple_<vos-703>_21418,la pelisse que lui apporta son valet de chambre et
Delly_Le-candelabre-du-temple_<vos-703>_21423,son valet de chambre et gagna le coupé qui l'
Delly_Le-candelabre-du-temple_<vos-703>_21427,et gagna le coupé qui l' attendait pour l' emporter
Delly_Le-candelabre-du-temple_<vos-703>_21446,l' ambassade d' Espagne où il dînait ce soir .
Delly_Le-candelabre-du-temple_<vos-703>_21457,"raillerie s' était accentuée sur ses lèvres , et une"
Delly_Le-candelabre-du-temple_<vos-703>_21491,"que fût l' élévation de son caractère , Siegbert était"
Delly_Le-candelabre-du-temple_<vos-703>_21494,"élévation de son caractère , Siegbert était un trop tiède"
Delly_Le-candelabre-du-temple_<vos-703>_21496,"son caractère , Siegbert était un trop tiède chrétien pour"
Delly_Le-candelabre-du-temple_<vos-703>_21507,pas triompher au fond de son âme de la revanche
Delly_Le-candelabre-du-temple_<vos-703>_21529,par son abandon blessé en lui l' orgueil beaucoup plus
Delly_Le-candelabre-du-temple_<elle-1758>_48957,"satisfaction railleuse :« Ah ! elle veut revoir Hoendeck ,"
Delly_Le-candelabre-du-temple_<elle-1758>_48962,"elle veut revoir Hoendeck , cette belle comtesse ! Qu'"
Delly_Le-candelabre-du-temple_<elle-1758>_48967,cette belle comtesse ! Qu' elle vienne ! . .
Delly_Le-candelabre-du-temple_<elle-1758>_48974,! . . . qu' elle vienne donc ! Je
Delly_Le-candelabre-du-temple_<elle-1758>_49073,"Hornstedt . . . En la regardant , Siegbert eut"
Delly_Le-candelabre-du-temple_<elle-1758>_49091,pensait aux regrets affolés de Carolia . . . il
Delly_Le-candelabre-du-temple_<elle-1758>_49108,"ambitieux et faux pour reconquérir l' homme autrefois dédaigné ,"
Delly_Le-candelabre-du-temple_<elle-1758>_49114,"homme autrefois dédaigné , devenu le favori de l' empereur"
Delly_Le-candelabre-du-temple_<elle-1758>_49132,une influence due autant à ses rares qualités personnelles qu'
Delly_Le-candelabre-du-temple_<elle-1758>_49138,rares qualités personnelles qu' à son rang élevé . .
Delly_Le-candelabre-du-temple_<elle-1758>_49146,". . . Oui , elle avait dû plus d'"
Delly_Le-candelabre-du-temple_<elle-1758>_49160,"rage et de désespoir , la blonde Carolia . En"
Delly_Le-candelabre-du-temple_<elle-1758>_49174,Siegbert songea avec mépris :« Elle est comme bien d'
Delly_Le-candelabre-du-temple_<elle-1758>_49188,", la comédie , voilà leurs armes . . ."
Delly_Le-candelabre-du-temple_<elle-1758>_49198,"Pourtant , j' en connais une qui est toute franchise"
Delly_Le-candelabre-du-temple_<elle-1758>_49199,", j' en connais une qui est toute franchise ,"
Delly_Le-candelabre-du-temple_<elle-1758>_49218,"ont pas de place dans son âme , je l'"
Delly_Le-candelabre-du-temple_<elle-1758>_49222,"dans son âme , je l' affirmerais . . ."
Delly_Le-candelabre-du-temple_<elle-1758>_49227,l' affirmerais . . . Myriam . . . ma
Delly_Le-candelabre-du-temple_<elle-1758>_49258,". Depuis la scène avec Myriam , il avait essayé"
Delly_Le-candelabre-du-temple_<elle-1758>_49269,combattre l' amour inspiré par cette jeune femme qui avait
Delly_Le-candelabre-du-temple_<elle-1758>_49272,inspiré par cette jeune femme qui avait si fortement froissé
Delly_Le-candelabre-du-temple_<elle-1758>_49307,"au moment du mariage . Myriam , ce rejeton du"
Delly_Le-candelabre-du-temple_<elle-1758>_49309,"du mariage . Myriam , ce rejeton du comte Würmstein"
Delly_Le-candelabre-du-temple_<elle-1758>_49334,"obscurité . Là s' écoulerait sa jeunesse , là se"
Delly_Le-candelabre-du-temple_<elle-1758>_49340,"jeunesse , là se fanerait sa beauté . . ."
Delly_Le-candelabre-du-temple_<elle-1758>_49373,"maintenant qu' il avait connu la femme idéale , qu'"
Delly_Le-candelabre-du-temple_<elle-1758>_49379,"femme idéale , qu' il l' avait aimée avec toute"
Delly_Le-candelabre-du-temple_<elle-1758>_49412,"d' écarter le souvenir de Myriam , plus ce souvenir"
Delly_Le-candelabre-du-temple_<elle-1758>_49430,". La fière attitude de la jeune femme , cette"
Delly_Le-candelabre-du-temple_<elle-1758>_49440,"énergie morale qui existait chez elle , unie à tant"
Delly_Le-candelabre-du-temple_<elle-1758>_49455,chez lui l' estime qu' elle lui inspirait déjà –
Delly_Le-candelabre-du-temple_<elle-1758>_49478,"résisté à des prétentions qu' elle jugeait injustes , pour"
Delly_Le-candelabre-du-temple_<elle-1758>_49506,"tant d' autres fronts , Myriam lui devenait encore plus"
Delly_Le-candelabre-du-temple_<elle-1758>_49521,"de nouveau il songeait à la revoir , à solliciter"
Delly_Le-candelabre-du-temple_<elle-1758>_49526,"la revoir , à solliciter son pardon – lui ,"
Delly_Le-candelabre-du-temple_<elle-1758>_49536,l' orgueilleux Hornstedt – à lui dire qu' il ne
Delly_Le-candelabre-du-temple_<elle-1758>_49544,il ne pouvait vivre sans elle . . . Mais
Delly_Le-candelabre-du-temple_<elle-1758>_49552,". Mais maintenant qu' il la connaissait mieux , Siegbert"
Delly_Le-candelabre-du-temple_<elle-1758>_49562,se demandait avec perplexité si elle accepterait la situation ambiguë
Delly_Le-candelabre-du-temple_<elle-1758>_49570,situation ambiguë qu' il voulait lui faire . Et lui
Delly_Le-candelabre-du-temple_<elle-1758>_49587,mêlait de fervent respect pour cette âme délicate et fière
Delly_Le-candelabre-du-temple_<elle-1758>_49626,: faire connaître à tous Myriam sous le nom de
Delly_Le-candelabre-du-temple_<elle-1758>_49659,aller jusque - là ! Myriam le comprendrait et accepterait
Delly_Le-candelabre-du-temple_<elle-1758>_49663,! Myriam le comprendrait et accepterait de lui faire ce
Delly_Le-candelabre-du-temple_<elle-1758>_49679,être . . . si elle l' aimait . Cet
Delly_Le-candelabre-du-temple_<elle-1758>_49706,"Mais la froideur habituelle de la jeune femme , à"
Delly_Le-candelabre-du-temple_<elle-1758>_49727,"entrevue , il craignait qu' elle lui en voulût beaucoup"
Delly_Le-candelabre-du-temple_<elle-1758>_49745,unes des paroles prononcées par elle . Ah ! c'
Delly_Le-candelabre-du-temple_<elle-1758>_49752,Ah ! c' est qu' elle n' était pas une
Delly_Le-candelabre-du-temple_<elle-1758>_49760,"pas une femme ordinaire , cette Myriam . . ."
Delly_Le-candelabre-du-temple_<elle-1758>_49767,. . . une femme que l' on prend avec
Delly_Le-candelabre-du-temple_<elle-1758>_49804,"l' Europe . Non , elle n' avait jamais témoigné"
Delly_Le-candelabre-du-temple_<elle-1758>_49810,n' avait jamais témoigné qu' elle s' aperçût de l'
Delly_Le-candelabre-du-temple_<elle-1758>_49818,"de l' admiration passionnée dont elle était l' objet ,"
Delly_Le-candelabre-du-temple_<elle-1758>_49820,"admiration passionnée dont elle était l' objet , sinon pour"
Delly_Le-candelabre-du-temple_<elle-1758>_49837,- il en conclure qu' elle n' éprouvait pour lui
Delly_Le-candelabre-du-temple_<elle-1758>_49874,"même , il retournerait vers elle . Aussi bien avait"
Delly_Le-candelabre-du-temple_<elle-1758>_49884,"- il la nostalgie de son regard , de son"
Delly_Le-candelabre-du-temple_<elle-1758>_49888,"de son regard , de son sourire , de sa"
Delly_Le-candelabre-du-temple_<elle-1758>_49892,"de son sourire , de sa voix . . ."
Delly_Le-candelabre-du-temple_<elle-1758>_49899,". . . Près d' elle , il se sentait"
Delly_Le-candelabre-du-temple_<elle-1758>_49934,"au ciel ! Oui , Myriam le reverrait , non"
Delly_Le-candelabre-du-temple_<elle-1758>_49986,"dans le parloir , où Rachel se trouvait seule ."
Delly_Le-candelabre-du-temple_<elle-1758>_49991,Rachel se trouvait seule . La fillette l' accueillit par
Delly_Le-candelabre-du-temple_<elle-1758>_50003,de joie :– Ah ! je croyais que vous ne
Delly_Le-candelabre-du-temple_<elle-1758>_50021,"ma petite Rachel . Mais vous voyez , me voilà"
Delly_Le-candelabre-du-temple_<elle-1758>_50031,". . . Comment allez - vous , ma mignonne"
Delly_Le-candelabre-du-temple_<elle-1758>_50034,"Comment allez - vous , ma mignonne ?– Un peu"
Delly_Le-candelabre-du-temple_<elle-1758>_50044,"mieux , Altesse . Mais je m' ennuyais bien de"
Delly_Le-candelabre-du-temple_<elle-1758>_50057,voir ! ajouta - t - elle câlinement . –
Delly_Le-candelabre-du-temple_<elle-1758>_50062,- elle câlinement . – Pauvre Rachel ! dit -
Delly_Le-candelabre-du-temple_<elle-1758>_50073,en caressant la joue de l' enfant . J' espère
Delly_Le-candelabre-du-temple_<elle-1758>_50089,rester si longtemps sans venir vous faire une petite visite
Delly_Le-candelabre-du-temple_<elle-1758>_50098,visite . . . Mais votre grande sœur serait -
Delly_Le-candelabre-du-temple_<elle-1758>_50132,vais dire à Dorothée de la prévenir . . .
Delly_Le-candelabre-du-temple_<elle-1758>_50155,"tout à l' heure , Rachel !Il ouvrit la porte"
Delly_Le-candelabre-du-temple_<elle-1758>_50276,"à une petite roseraie . Myriam se trouvait là ,"
Delly_Le-candelabre-du-temple_<elle-1758>_50288,"un peu penchée , promenant son sécateur à travers les"
Delly_Le-candelabre-du-temple_<elle-1758>_50295,à travers les fleurs . Elle était vêtue d' une
Delly_Le-candelabre-du-temple_<elle-1758>_50313,mais qui semblait encore augmenter sa beauté . Sur sa
Delly_Le-candelabre-du-temple_<elle-1758>_50317,"augmenter sa beauté . Sur sa nuque , découverte par"
Delly_Le-candelabre-du-temple_<elle-1758>_50352,moment de merveilleux reflets . Elle paraissait ainsi plus jeune
Delly_Le-candelabre-du-temple_<elle-1758>_50368,Siegbert ébloui s' oubliait à la contempler . . .
Delly_Le-candelabre-du-temple_<elle-1758>_50374,contempler . . . Mais elle tourna la tête et
Delly_Le-candelabre-du-temple_<elle-1758>_50380,tourna la tête et l' aperçut . Sur ses lèvres
Delly_Le-candelabre-du-temple_<elle-1758>_50383,et l' aperçut . Sur ses lèvres une exclamation mourut
Delly_Le-candelabre-du-temple_<elle-1758>_50389,"lèvres une exclamation mourut ; son teint s' empourpra ,"
Delly_Le-candelabre-du-temple_<elle-1758>_50402,corbeille pleine de fleurs qu' elle tenait à la main
Delly_Le-candelabre-du-temple_<elle-1758>_50419,", il fut près d' elle . – Pardonnez -"
Delly_Le-candelabre-du-temple_<elle-1758>_50426,– Pardonnez - moi ! Vous ai - je fait
Delly_Le-candelabre-du-temple_<elle-1758>_50452,lui . – Qu' avez - vous ? Pourquoi pleurez
Delly_Le-candelabre-du-temple_<elle-1758>_50457,- vous ? Pourquoi pleurez - vous ?Il prenait la
Delly_Le-candelabre-du-temple_<elle-1758>_50468,"tremblante , en attachant sur la jeune femme un regard"
Delly_Le-candelabre-du-temple_<elle-1758>_50505,"arrivé ?– Le fiancé de Valérie , un excellent et"
Delly_Le-candelabre-du-temple_<elle-1758>_50637,en pensant au chagrin de Valérie que je pleurais tout
Delly_Le-candelabre-du-temple_<elle-1758>_50649,"heure . De nouveau , ses yeux se remplissaient de"
Delly_Le-candelabre-du-temple_<elle-1758>_50660,". Siegbert se pencha vers elle , en disant avec"
Delly_Le-candelabre-du-temple_<elle-1758>_50671,":– Ne pleurez plus , Myriam ! Je vais m'"
Delly_Le-candelabre-du-temple_<elle-1758>_50714,leva sur lui . – Vous feriez cela ? Quel
Delly_Le-candelabre-du-temple_<elle-1758>_50736,! . . . Combien je vous remercie !D' un
Delly_Le-candelabre-du-temple_<elle-1758>_50744,"!D' un geste spontané , elle tendit la main à"
Delly_Le-candelabre-du-temple_<elle-1758>_50767,délicats . – N' auriez - vous pas osé me
Delly_Le-candelabre-du-temple_<elle-1758>_50775,"osé me le demander , Myriam ?Il se redressait ,"
Delly_Le-candelabre-du-temple_<elle-1758>_50795,"par une vive émotion . Elle murmura , en baissant"
Delly_Le-candelabre-du-temple_<elle-1758>_50802,", en baissant un peu ses yeux , troublés par"
Delly_Le-candelabre-du-temple_<elle-1758>_50820,on m' avait dit que vous n' acceptiez jamais de
Delly_Le-candelabre-du-temple_<elle-1758>_50842,Mais je le ferai pour vous . . . et
Delly_Le-candelabre-du-temple_<elle-1758>_50932,". . Et maintenant que vous voilà consolée , venons"
Delly_Le-candelabre-du-temple_<elle-1758>_50949,"La dernière fois que je vous ai vue , Myriam"
Delly_Le-candelabre-du-temple_<elle-1758>_50953,"je vous ai vue , Myriam , j' ai été"
Delly_Le-candelabre-du-temple_<elle-1758>_50963,"dur et violent , je vous en ai ensuite beaucoup"
Delly_Le-candelabre-du-temple_<elle-1758>_50970,ai ensuite beaucoup voulu de votre résistance à ma volonté
Delly_Le-candelabre-du-temple_<elle-1758>_50977,"à ma volonté , de vos paroles si fières ."
Delly_Le-candelabre-du-temple_<elle-1758>_50991,"justes . Toute rougissante , elle murmura :– Moi aussi"
Delly_Le-candelabre-du-temple_<elle-1758>_50994,"rougissante , elle murmura :– Moi aussi , je n'"
Delly_Le-candelabre-du-temple_<elle-1758>_50997,"murmura :– Moi aussi , je n' ai peut -"
Delly_Le-candelabre-du-temple_<elle-1758>_51016,"– Non , non , vous aviez raison ! Votre"
Delly_Le-candelabre-du-temple_<elle-1758>_51020,", vous aviez raison ! Votre bonté vous porte à"
Delly_Le-candelabre-du-temple_<elle-1758>_51022,aviez raison ! Votre bonté vous porte à chercher des
Delly_Le-candelabre-du-temple_<elle-1758>_51070,la prière . . . Elle crut qu' il voulait
Delly_Le-candelabre-du-temple_<elle-1758>_51090,. . . Et comme elle se sentait frémissante sous
Delly_Le-candelabre-du-temple_<elle-1758>_51109,"si caressantes aujourd' hui , elle eut peur de faiblir"
Delly_Le-candelabre-du-temple_<elle-1758>_51115,eut peur de faiblir et se raidit en une attitude
Delly_Le-candelabre-du-temple_<elle-1758>_51116,peur de faiblir et se raidit en une attitude de
Delly_Le-candelabre-du-temple_<elle-1758>_51141,devrait comprendre . . . Il l' interrompit avec impatience
Delly_Le-candelabre-du-temple_<elle-1758>_51142,comprendre . . . Il l' interrompit avec impatience :–
Delly_Le-candelabre-du-temple_<elle-1758>_51147,"l' interrompit avec impatience :– Je vous en supplie ,"
Delly_Le-candelabre-du-temple_<elle-1758>_51163,nous sommes seuls ! Nommez - moi Siegbert et réservez
Delly_Le-candelabre-du-temple_<elle-1758>_51182,"en présence d' étrangers . Elle répliqua froidement , avec"
Delly_Le-candelabre-du-temple_<elle-1758>_51192,un fier regard :– Comme j' ai peu de dispositions
Delly_Le-candelabre-du-temple_<elle-1758>_51201,"dispositions pour la comédie , j' aurais trop peur ,"
Delly_Le-candelabre-du-temple_<elle-1758>_51212,"ce cas , d' oublier mon rôle . Siegbert tressaillit"
Delly_Le-candelabre-du-temple_<elle-1758>_51232,", sur le poignet de la jeune femme . –"
Delly_Le-candelabre-du-temple_<elle-1758>_51238,jeune femme . – Avez - vous juré de m'
Delly_Le-candelabre-du-temple_<elle-1758>_51246,de m' exaspérer ? Que vous faut - il donc
Delly_Le-candelabre-du-temple_<elle-1758>_51254,il donc ? Que demandez - vous ?Une stupéfaction mêlée
Delly_Le-candelabre-du-temple_<elle-1758>_51267,apparut sur la physionomie de la jeune femme . –
Delly_Le-candelabre-du-temple_<elle-1758>_51273,jeune femme . – Mais je ne demande rien !
Delly_Le-candelabre-du-temple_<elle-1758>_51281,"rien ! balbutia - t - elle . Puis ,"
Delly_Le-candelabre-du-temple_<elle-1758>_51290,", se reprenant aussitôt , elle ajouta , avec une"
Delly_Le-candelabre-du-temple_<elle-1758>_51302,":– Si , Altesse , j' ai une requête à"
Delly_Le-candelabre-du-temple_<elle-1758>_51314,. Voici longtemps déjà que je désirais être renseignée à
Delly_Le-candelabre-du-temple_<elle-1758>_51324,ce sujet . Pourquoi donc mon père et le vôtre
Delly_Le-candelabre-du-temple_<elle-1758>_51354,"sans quitter le poignet de Myriam , se fit tout"
Delly_Le-candelabre-du-temple_<elle-1758>_51369,presque caressante . – Pardonnez - moi encore ! Mais
Delly_Le-candelabre-du-temple_<elle-1758>_51374,- moi encore ! Mais je n' ai pas coutume
Delly_Le-candelabre-du-temple_<elle-1758>_51383,"coutume d' être contredit , j' ignore ce que c'"
Delly_Le-candelabre-du-temple_<elle-1758>_51403,". . Pour répondre à votre question , je vais"
Delly_Le-candelabre-du-temple_<elle-1758>_51406,"répondre à votre question , je vais vous redire ce"
Delly_Le-candelabre-du-temple_<elle-1758>_51408,"votre question , je vais vous redire ce que m'"
Delly_Le-candelabre-du-temple_<elle-1758>_51412,vais vous redire ce que m' apprit mon père mourant
Delly_Le-candelabre-du-temple_<elle-1758>_51414,redire ce que m' apprit mon père mourant . .
Delly_Le-candelabre-du-temple_<elle-1758>_51420,"père mourant . . . Myriam , les yeux machinalement"
Delly_Le-candelabre-du-temple_<elle-1758>_51449,"Quand il eut fini , elle dit avec un visible"
Delly_Le-candelabre-du-temple_<elle-1758>_51467,", c' était affreux pour vous !Sa main se trouva"
Delly_Le-candelabre-du-temple_<elle-1758>_51492,":– Parce que je ne vous connaissais pas , Myriam"
Delly_Le-candelabre-du-temple_<elle-1758>_51496,"ne vous connaissais pas , Myriam ! Mais aujourd' hui"
Delly_Le-candelabre-du-temple_<elle-1758>_51513,"!D' un mouvement vif , elle dégagea sa main et"
Delly_Le-candelabre-du-temple_<elle-1758>_51515,"mouvement vif , elle dégagea sa main et , reculant"
Delly_Le-candelabre-du-temple_<elle-1758>_51543,"une sorte de défi , elle demanda :– Pourquoi n'"
Delly_Le-candelabre-du-temple_<elle-1758>_51562,"Aujourd' hui comme autrefois , je suis toujours la petite"
Delly_Le-candelabre-du-temple_<elle-1758>_51565,"autrefois , je suis toujours la petite - fille d'"
Delly_Le-candelabre-du-temple_<elle-1758>_51594,", il fit , comme elle , quelques pas en"
Delly_Le-candelabre-du-temple_<elle-1758>_51679,"tournant d' une allée . Elle s' arrêta , cramoisie"
Delly_Le-candelabre-du-temple_<elle-1758>_51696,par la dure apostrophe de son maître . – .
Delly_Le-candelabre-du-temple_<elle-1758>_51710,- vous faire ici ?– Je venais . . .
Delly_Le-candelabre-du-temple_<elle-1758>_51736,"n' a aucun besoin de vous , du moment où"
Delly_Le-candelabre-du-temple_<elle-1758>_51745,"où je suis là . Vous ferez bien , une"
Delly_Le-candelabre-du-temple_<elle-1758>_51764,ne pas oublier à qui vous avez affaire . Les
Delly_Le-candelabre-du-temple_<elle-1758>_51779,"brefs , des lèvres de Siegbert . . . Et"
Delly_Le-candelabre-du-temple_<elle-1758>_51789,"sous le regard irrité de son maître , l' ancienne"
Delly_Le-candelabre-du-temple_<elle-1758>_51792,"irrité de son maître , l' ancienne femme de charge"
Delly_Le-candelabre-du-temple_<elle-1758>_51806,– Il ne faut pas lui en vouloir ; elle
Delly_Le-candelabre-du-temple_<elle-1758>_51810,pas lui en vouloir ; elle ne savait sans doute
Delly_Le-candelabre-du-temple_<elle-1758>_51832,apitoyée . La physionomie de Siegbert s' adoucit quelque peu
Delly_Le-candelabre-du-temple_<elle-1758>_51842,", à cette intervention de Myriam . – Soit ,"
Delly_Le-candelabre-du-temple_<elle-1758>_51861,"pas cette tête lamentable , Sulzer , et retournez à"
Delly_Le-candelabre-du-temple_<elle-1758>_51864,"lamentable , Sulzer , et retournez à vos affaires ."
Delly_Le-candelabre-du-temple_<elle-1758>_51866,"Sulzer , et retournez à vos affaires . Un geste"
Delly_Le-candelabre-du-temple_<elle-1758>_51883,bonne et due forme . Mme Sulzer s' inclina profondément
Delly_Le-candelabre-du-temple_<elle-1758>_51890,s' inclina profondément et s' éloigna d' un pas précipité
Delly_Le-candelabre-du-temple_<elle-1758>_51896,d' un pas précipité . Myriam se pencha pour ramasser
Delly_Le-candelabre-du-temple_<elle-1758>_51911,. Mais la main de Siegbert se posa sur son
Delly_Le-candelabre-du-temple_<elle-1758>_51915,de Siegbert se posa sur son bras . – Laissez
Delly_Le-candelabre-du-temple_<elle-1758>_51921,"bras . – Laissez , je me charge de cela"
Delly_Le-candelabre-du-temple_<elle-1758>_51929,de cela . Pendant qu' il s' acquittait de la
Delly_Le-candelabre-du-temple_<elle-1758>_51936,"acquittait de la besogne , Myriam , machinalement , cueillait"
Delly_Le-candelabre-du-temple_<elle-1758>_51946,quelques fleurs . . . Elle le vit tout à
Delly_Le-candelabre-du-temple_<elle-1758>_51947,fleurs . . . Elle le vit tout à coup
Delly_Le-candelabre-du-temple_<elle-1758>_51954,"tout à coup près d' elle , la corbeille de"
Delly_Le-candelabre-du-temple_<elle-1758>_51973,le petit malheur causé par mon arrivée impromptue . Désirez
Delly_Le-candelabre-du-temple_<elle-1758>_51978,mon arrivée impromptue . Désirez - vous que j' en
Delly_Le-candelabre-du-temple_<elle-1758>_51981,. Désirez - vous que j' en cueille d' autres
Delly_Le-candelabre-du-temple_<elle-1758>_51989,d' autres ?– Il ne me faut plus que quelques
Delly_Le-candelabre-du-temple_<elle-1758>_52000,. . . – Donnez - moi votre sécateur et
Delly_Le-candelabre-du-temple_<elle-1758>_52002,. – Donnez - moi votre sécateur et dites -
Delly_Le-candelabre-du-temple_<elle-1758>_52006,moi votre sécateur et dites - moi celles qui vous
Delly_Le-candelabre-du-temple_<elle-1758>_52010,dites - moi celles qui vous plaisent . . .
Delly_Le-candelabre-du-temple_<elle-1758>_52015,"vous plaisent . . . Tenez , cette blanche nacrée"
Delly_Le-candelabre-du-temple_<elle-1758>_52035,de la fleur indiquée . Myriam dit vivement :– Oh
Delly_Le-candelabre-du-temple_<elle-1758>_52046,pas celle - là ! Mme Sulzer ne veut pas
Delly_Le-candelabre-du-temple_<elle-1758>_52057,on cueille ces roses auxquelles elle tient beaucoup . –
Delly_Le-candelabre-du-temple_<elle-1758>_52062,elle tient beaucoup . – Elle ne veut pas ?
Delly_Le-candelabre-du-temple_<elle-1758>_52069,"veut pas ? Se permettrait - elle , par hasard"
Delly_Le-candelabre-du-temple_<elle-1758>_52075,"elle , par hasard de vous refuser quelque chose ?–"
Delly_Le-candelabre-du-temple_<elle-1758>_52080,vous refuser quelque chose ?– Je m' en abstiens de
Delly_Le-candelabre-du-temple_<elle-1758>_52085,"Je m' en abstiens de moi - même , sachant"
Delly_Le-candelabre-du-temple_<elle-1758>_52091,"- même , sachant que je lui causerais un déplaisir"
Delly_Le-candelabre-du-temple_<elle-1758>_52092,"même , sachant que je lui causerais un déplaisir ."
Delly_Le-candelabre-du-temple_<elle-1758>_52097,"lui causerais un déplaisir . Il sourit , avec une"
Delly_Le-candelabre-du-temple_<elle-1758>_52107,"ironie légère , tandis que son regard s' éclairait de"
Delly_Le-candelabre-du-temple_<elle-1758>_52121,émouvait et troublait si profondément Myriam . – Vous lui
Delly_Le-candelabre-du-temple_<elle-1758>_52124,si profondément Myriam . – Vous lui direz que celle
Delly_Le-candelabre-du-temple_<elle-1758>_52125,profondément Myriam . – Vous lui direz que celle -
Delly_Le-candelabre-du-temple_<elle-1758>_52128,– Vous lui direz que celle - ci a été
Delly_Le-candelabre-du-temple_<elle-1758>_52135,"ci a été cueillie par moi , elle sera consolée"
Delly_Le-candelabre-du-temple_<elle-1758>_52137,"été cueillie par moi , elle sera consolée tout de"
Delly_Le-candelabre-du-temple_<elle-1758>_52147,suite . . . Et vous lui direz qu' elle
Delly_Le-candelabre-du-temple_<elle-1758>_52148,. . . Et vous lui direz qu' elle l'
Delly_Le-candelabre-du-temple_<elle-1758>_52151,Et vous lui direz qu' elle l' a été pour
Delly_Le-candelabre-du-temple_<elle-1758>_52156,elle l' a été pour vous . Avant que Myriam
Delly_Le-candelabre-du-temple_<elle-1758>_52160,pour vous . Avant que Myriam pût faire un mouvement
Delly_Le-candelabre-du-temple_<elle-1758>_52166,"pût faire un mouvement , il glissait dans sa ceinture"
Delly_Le-candelabre-du-temple_<elle-1758>_52169,"mouvement , il glissait dans sa ceinture la tige de"
Delly_Le-candelabre-du-temple_<elle-1758>_52180,"rose . Puis , soulevant son chapeau , il s'"
Delly_Le-candelabre-du-temple_<elle-1758>_52183,", soulevant son chapeau , il s' éloigna rapidement ."
Delly_Le-candelabre-du-temple_<elle-1758>_52228,docteur Blück et apprit à Valérie qu' ayant connu par
Delly_Le-candelabre-du-temple_<elle-1758>_52239,"de Hakenau les ennuis de son fiancé , il allait"
Delly_Le-candelabre-du-temple_<elle-1758>_52260,"de Ludwig . – Ne vous tourmentez donc plus ,"
Delly_Le-candelabre-du-temple_<elle-1758>_52265,"vous tourmentez donc plus , mademoiselle , ajouta - t"
Delly_Le-candelabre-du-temple_<elle-1758>_52277,", en s' adressant à la jeune fille stupéfaite et"
Delly_Le-candelabre-du-temple_<elle-1758>_52295,"se régler au mieux pour votre fiancé , j' en"
Delly_Le-candelabre-du-temple_<elle-1758>_52374,"charme fût trop fort . Mme Oldrecht , en hochant"
Delly_Le-candelabre-du-temple_<elle-1758>_52384,"la tête , déclara :– Je crois qu' il faudra"
Delly_Le-candelabre-du-temple_<elle-1758>_52390,crois qu' il faudra que j' avertisse un de ces
Delly_Le-candelabre-du-temple_<elle-1758>_52406,"C' est un devoir pour moi , étant donné son"
Delly_Le-candelabre-du-temple_<Myriam-561>_14213,"quoi , elle voulut interroger Myriam . Mais elle se"
Delly_Le-candelabre-du-temple_<Myriam-561>_14216,voulut interroger Myriam . Mais elle se heurta au mutisme
Delly_Le-candelabre-du-temple_<Myriam-561>_14245,bandé de sa sœur . Myriam renfermait dans son cœur
Delly_Le-candelabre-du-temple_<Myriam-561>_14248,sœur . Myriam renfermait dans son cœur une blessure plus
Delly_Le-candelabre-du-temple_<Myriam-561>_14261,", simple et confiante , elle était allée vers cet"
Delly_Le-candelabre-du-temple_<Myriam-561>_14268,"allée vers cet étranger qu' elle croyait bon , pitoyable"
Delly_Le-candelabre-du-temple_<Myriam-561>_14275,"bon , pitoyable , et elle s' était vue cruellement"
Delly_Le-candelabre-du-temple_<Myriam-561>_14309,", dans le lit où elle s' agitait , car"
Delly_Le-candelabre-du-temple_<Myriam-561>_14314,"elle s' agitait , car elle avait un peu de"
Delly_Le-candelabre-du-temple_<Myriam-561>_14332,"mouvement de colère :« Si Rachel ne guérit pas ,"
Delly_Le-candelabre-du-temple_<Myriam-561>_14340,"pas , ce sera « sa » faute . ."
Delly_Le-candelabre-du-temple_<Myriam-561>_14346,» faute . . . Je le déteste ! .
Delly_Le-candelabre-du-temple_<Myriam-561>_14354,! . . . et je serais contente de le
Delly_Le-candelabre-du-temple_<Myriam-561>_14370,a pas eu pitié d' une pauvre petite fille comme
Delly_Le-candelabre-du-temple_<Myriam-561>_14375,une pauvre petite fille comme moi ! » Si Myriam
Delly_Le-candelabre-du-temple_<Myriam-561>_14379,comme moi ! » Si Myriam avait pu pénétrer les
Delly_Le-candelabre-du-temple_<Myriam-561>_14397,"et ceux qui suivirent , elle aurait vu son désir"
Delly_Le-candelabre-du-temple_<Myriam-561>_14400,"suivirent , elle aurait vu son désir satisfait . Les"
Delly_Le-candelabre-du-temple_<Myriam-561>_14425,son père l' atteignait dans son affection filiale ; le
Delly_Le-candelabre-du-temple_<Myriam-561>_14441,la perspective de l' avenir lui étaient une torture toujours
Delly_Le-candelabre-du-temple_<Myriam-561>_14453,". . Puis encore , il songeait à Carolia ,"
Delly_Le-candelabre-du-temple_<Myriam-561>_14465,douloureuse nouvelle qu' il faudrait lui apprendre bientôt – le
Delly_Le-candelabre-du-temple_<Myriam-561>_14475,"plus tôt possible , car il ne pouvait lui laisser"
Delly_Le-candelabre-du-temple_<Myriam-561>_14478,", car il ne pouvait lui laisser entretenir cette espérance"
Delly_Le-candelabre-du-temple_<Myriam-561>_14488,"irréalisable . En outre , il éprouvait déjà les effets"
Delly_Le-candelabre-du-temple_<Myriam-561>_14512,", le fidèle intendant , lui communiquait les lettres d'"
Delly_Le-candelabre-du-temple_<Myriam-561>_14530,". Tous comptes faits , il résultait que la vente"
Delly_Le-candelabre-du-temple_<Myriam-561>_14541,"Hoendeck s' imposait et que Siegbert , après cela ,"
Delly_Le-candelabre-du-temple_<Myriam-561>_14561,"le faire vivre , s' il n' y ajoutait les"
Delly_Le-candelabre-du-temple_<Myriam-561>_14571,"revenus d' une position que son nom , et l'"
Delly_Le-candelabre-du-temple_<Myriam-561>_14580,l' intérêt très bienveillant dont l' avait honoré le souverain
Delly_Le-candelabre-du-temple_<Myriam-561>_14583,"bienveillant dont l' avait honoré le souverain , ne pouvaient"
Delly_Le-candelabre-du-temple_<Myriam-561>_14590,", ne pouvaient manquer de lui faire obtenir . La"
Delly_Le-candelabre-du-temple_<Myriam-561>_14611,"Hornstedt , semblait dure à Siegbert . Mais elle l'"
Delly_Le-candelabre-du-temple_<Myriam-561>_14627,"temps auparavant , car maintenant il considérait son existence comme"
Delly_Le-candelabre-du-temple_<Myriam-561>_14629,", car maintenant il considérait son existence comme brisée ,"
Delly_Le-candelabre-du-temple_<Myriam-561>_14647,odieuse obligation qui pesait sur lui . Hoendeck ne verrait
Delly_Le-candelabre-du-temple_<Myriam-561>_14666,"l' usurier , la fille du grand seigneur déchu ."
Delly_Le-candelabre-du-temple_<Myriam-561>_14673,"seigneur déchu . Cependant , il ne sortirait pas de"
Delly_Le-candelabre-du-temple_<Myriam-561>_14682,"de la famille , car Siegbert avait écrit à son"
Delly_Le-candelabre-du-temple_<Myriam-561>_14686,"car Siegbert avait écrit à son parent , le prince"
Delly_Le-candelabre-du-temple_<Myriam-561>_14708,"et , d' avance , il savait que la réponse"
Delly_Le-candelabre-du-temple_<Myriam-561>_14790,été quelque peu tendues entre le défunt et le chef
Delly_Le-candelabre-du-temple_<Myriam-561>_14809,celui - ci écrivit à Siegbert de façon très bienveillante
Delly_Le-candelabre-du-temple_<Myriam-561>_14825,"acceptation , à la demande du jeune homme . Cette"
Delly_Le-candelabre-du-temple_<Myriam-561>_14833,". Cette lettre fut remise au comte un matin ,"
Delly_Le-candelabre-du-temple_<Myriam-561>_14840,"un matin , alors qu' il revenait de sa quotidienne"
Delly_Le-candelabre-du-temple_<Myriam-561>_14843,alors qu' il revenait de sa quotidienne promenade à cheval
Delly_Le-candelabre-du-temple_<Myriam-561>_14858,"temps affreusement pluvieux , car il essayait ainsi d' atténuer"
Delly_Le-candelabre-du-temple_<Myriam-561>_14869,tension de nerfs produite par ses pénibles préoccupations . Après
Delly_Le-candelabre-du-temple_<Myriam-561>_14878,"Après l' avoir parcourue , il la posa sur son"
Delly_Le-candelabre-du-temple_<Myriam-561>_14882,", il la posa sur son bureau en murmurant mélancoliquement"
Delly_Le-candelabre-du-temple_<Myriam-561>_14888,"bureau en murmurant mélancoliquement :– Pauvre Hoendeck , bientôt tu"
Delly_Le-candelabre-du-temple_<Myriam-561>_14892,":– Pauvre Hoendeck , bientôt tu ne m' appartiendras plus"
Delly_Le-candelabre-du-temple_<Myriam-561>_14894,"Hoendeck , bientôt tu ne m' appartiendras plus . Les"
Delly_Le-candelabre-du-temple_<Myriam-561>_14902,". Les bras croisés , il demeura debout , absorbé"
Delly_Le-candelabre-du-temple_<Myriam-561>_14908,"demeura debout , absorbé dans ses pensées douloureuses . Tout"
Delly_Le-candelabre-du-temple_<Myriam-561>_14915,"douloureuses . Tout récemment , il venait de perdre le"
Delly_Le-candelabre-du-temple_<Myriam-561>_14923,perdre le léger espoir qu' il conservait encore de pouvoir
Delly_Le-candelabre-du-temple_<Myriam-561>_14939,"Myriam Würmstein , s' était - il dit , pouvait"
Delly_Le-candelabre-du-temple_<Myriam-561>_14946,"dit , pouvait refuser de l' épouser . Alors ,"
Delly_Le-candelabre-du-temple_<Myriam-561>_14955,", en ce cas , lui se trouvait libéré de"
Delly_Le-candelabre-du-temple_<Myriam-561>_14960,lui se trouvait libéré de sa promesse . . .
Delly_Le-candelabre-du-temple_<Myriam-561>_14970,"Mais dans les papiers de son père , il avait"
Delly_Le-candelabre-du-temple_<Myriam-561>_14973,"papiers de son père , il avait trouvé les dernières"
Delly_Le-candelabre-du-temple_<Myriam-561>_14986,"- ci , écrites pour Siegbert au cas où le"
Delly_Le-candelabre-du-temple_<Myriam-561>_14990,pour Siegbert au cas où le malade n' aurait pas
Delly_Le-candelabre-du-temple_<Myriam-561>_15024,n' en avait pu donner le mourant . Siegbert y
Delly_Le-candelabre-du-temple_<Myriam-561>_15027,pu donner le mourant . Siegbert y voyait cette assurance
Delly_Le-candelabre-du-temple_<Myriam-561>_15060,indifférentes . . . et il apprenait aussi que le
Delly_Le-candelabre-du-temple_<Myriam-561>_15077,"pour sa fille aînée , lui imposait , comme une"
Delly_Le-candelabre-du-temple_<Myriam-561>_15095,"avec Siegbert de Hornstedt . Il avait tout prévu ,"
Delly_Le-candelabre-du-temple_<Myriam-561>_15100,"Il avait tout prévu , cet être démoniaque . Non"
Delly_Le-candelabre-du-temple_<Myriam-561>_15111,du scandale qu' avaient provoqué son existence d' aventurier et
Delly_Le-candelabre-du-temple_<Myriam-561>_15118,d' aventurier et plus encore son mariage avec la fille
Delly_Le-candelabre-du-temple_<Myriam-561>_15127,"fille de l' usurier , il voulait introduire une tache"
Delly_Le-candelabre-du-temple_<Myriam-561>_15147,"des plus orgueilleuses familles de son pays . Ainsi ,"
Delly_Le-candelabre-du-temple_<Myriam-561>_15152,"son pays . Ainsi , le misérable se vengeait du"
Delly_Le-candelabre-du-temple_<Myriam-561>_15159,se vengeait du mépris dont l' avaient couvert ses pairs
Delly_Le-candelabre-du-temple_<Myriam-561>_15162,"mépris dont l' avaient couvert ses pairs , et en"
Delly_Le-candelabre-du-temple_<Myriam-561>_15169,", et en même temps préparait à sa fille un"
Delly_Le-candelabre-du-temple_<Myriam-561>_15171,en même temps préparait à sa fille un mariage avantageux
Delly_Le-candelabre-du-temple_<Myriam-561>_15178,"un mariage avantageux , car il devait croire les Hornstedt"
Delly_Le-candelabre-du-temple_<Myriam-561>_15189,"riches . « Oui , un misérable ! . ."
Delly_Le-candelabre-du-temple_<Myriam-561>_15195,misérable ! . . . un misérable ! » songeait
Delly_Le-candelabre-du-temple_<Myriam-561>_15200,un misérable ! » songeait Siegbert avec une sourde colère
Delly_Le-candelabre-du-temple_<Myriam-561>_15214,à la porte vint interrompre ses pénibles réflexions . La
Delly_Le-candelabre-du-temple_<Myriam-561>_15266,"elle demanda :– Je ne te dérange pas , Siegbert"
Delly_Le-candelabre-du-temple_<Myriam-561>_15270,"ne te dérange pas , Siegbert ? . . ."
Delly_Le-candelabre-du-temple_<Myriam-561>_15278,. . J' ai à te communiquer une nouvelle .
Delly_Le-candelabre-du-temple_<Myriam-561>_15288,. . – Vous ne me dérangez en aucune façon
Delly_Le-candelabre-du-temple_<Myriam-561>_15294,"dérangez en aucune façon , ma tante . Je vous"
Delly_Le-candelabre-du-temple_<Myriam-561>_15297,"façon , ma tante . Je vous prie seulement de"
Delly_Le-candelabre-du-temple_<Myriam-561>_15302,Je vous prie seulement de m' excuser de vous recevoir
Delly_Le-candelabre-du-temple_<Myriam-561>_15305,seulement de m' excuser de vous recevoir en cette tenue
Delly_Le-candelabre-du-temple_<Myriam-561>_15313,cette tenue . . . Il montrait ses bottes éclaboussées
Delly_Le-candelabre-du-temple_<Myriam-561>_15315,. . . Il montrait ses bottes éclaboussées de boue
Delly_Le-candelabre-du-temple_<Myriam-561>_15325,. – . . . Je rentre de ma promenade
Delly_Le-candelabre-du-temple_<Myriam-561>_15328,. . Je rentre de ma promenade et il fait
Delly_Le-candelabre-du-temple_<Myriam-561>_15353,est cette nouvelle qui semble vous émouvoir si fortement .
Delly_Le-candelabre-du-temple_<Myriam-561>_15425,agit - il ? demanda - t - il avec
Delly_Le-candelabre-du-temple_<Myriam-561>_15427,il ? demanda - t - il avec quelque brusquerie
Delly_Le-candelabre-du-temple_<Myriam-561>_15437,". – Tiens , lis toi - même , mon"
Delly_Le-candelabre-du-temple_<Myriam-561>_15441,"lis toi - même , mon pauvre enfant . ."
Delly_Le-candelabre-du-temple_<Myriam-561>_15454,M . de Hultz qui m' écrit . . .
Delly_Le-candelabre-du-temple_<Myriam-561>_15491,cette ingratitude . Mais jamais je n' aurais cru cela
Delly_Le-candelabre-du-temple_<Myriam-561>_15510,. jamais ! s' écria la comtesse en portant son
Delly_Le-candelabre-du-temple_<Myriam-561>_15514,écria la comtesse en portant son mouchoir à ses yeux
Delly_Le-candelabre-du-temple_<Myriam-561>_15517,en portant son mouchoir à ses yeux . Siegbert s'
Delly_Le-candelabre-du-temple_<Myriam-561>_15545,"Vous me voyez désolé , chère cousine , de n'"
Delly_Le-candelabre-du-temple_<Myriam-561>_15556,"pu quitter Marienbad pour venir vous témoigner , ainsi qu'"
Delly_Le-candelabre-du-temple_<Myriam-561>_15575,pour la grande peine qui vous frappe . Mais les
Delly_Le-candelabre-du-temple_<Myriam-561>_15592,absolument interdit ce déplacement . Croyez qu' à défaut de
Delly_Le-candelabre-du-temple_<Myriam-561>_15606,"avions notre pensée près de vous , près de votre"
Delly_Le-candelabre-du-temple_<Myriam-561>_15610,"de vous , près de votre cher neveu , si"
Delly_Le-candelabre-du-temple_<Myriam-561>_15662,Sophie . « Ainsi que Carolia vous l' a elle
Delly_Le-candelabre-du-temple_<Myriam-561>_15663,. « Ainsi que Carolia vous l' a elle -
Delly_Le-candelabre-du-temple_<Myriam-561>_15666,"que Carolia vous l' a elle - même écrit ,"
Delly_Le-candelabre-du-temple_<Myriam-561>_15674,"écrit , une malencontreuse entorse l' obligeant à l' immobilité"
Delly_Le-candelabre-du-temple_<Myriam-561>_15684,absolue a seule empêché qu' elle se rendît à Hoendeck
Delly_Le-candelabre-du-temple_<Myriam-561>_15696,funérailles de celui en qui elle a toujours trouvé la
Delly_Le-candelabre-du-temple_<Myriam-561>_15711,Je n' ai pas à vous dire tous ses regrets
Delly_Le-candelabre-du-temple_<Myriam-561>_15714,"pas à vous dire tous ses regrets , car elle"
Delly_Le-candelabre-du-temple_<Myriam-561>_15718,"tous ses regrets , car elle a su vous les"
Delly_Le-candelabre-du-temple_<Myriam-561>_15721,", car elle a su vous les exprimer mieux que"
Delly_Le-candelabre-du-temple_<Myriam-561>_15776,d' union vaguement ébauché entre votre neveu et ma pupille
Delly_Le-candelabre-du-temple_<Myriam-561>_15782,"neveu et ma pupille . Carolia , qui recueille ici"
Delly_Le-candelabre-du-temple_<Myriam-561>_15784,"ma pupille . Carolia , qui recueille ici les plus"
Delly_Le-candelabre-du-temple_<Myriam-561>_15813,âge de celui - ci l' eût d' abord fait
Delly_Le-candelabre-du-temple_<Myriam-561>_15822,"fait quelque peu hésiter , elle s' est décidée hier"
Delly_Le-candelabre-du-temple_<Myriam-561>_15832,"à l' acceptation , et la voilà fiancée . Dans"
Delly_Le-candelabre-du-temple_<Myriam-561>_15863,"pour un mariage morganatique , Carolia portera le titre de"
Delly_Le-candelabre-du-temple_<Myriam-561>_15873,"comtesse de Sargen . « Vous voudrez bien , n'"
Delly_Le-candelabre-du-temple_<Myriam-561>_15892,annoncer diplomatiquement la chose à votre neveu ? J' espère
Delly_Le-candelabre-du-temple_<Myriam-561>_15902,"que ni lui , ni vous n' en tiendrez rancune"
Delly_Le-candelabre-du-temple_<Myriam-561>_15908,n' en tiendrez rancune à cette chère enfant . Songez
Delly_Le-candelabre-du-temple_<Myriam-561>_15912,"à cette chère enfant . Songez combien , belle et"
Delly_Le-candelabre-du-temple_<Myriam-561>_15919,", belle et brillante comme elle l' est , il"
Delly_Le-candelabre-du-temple_<Myriam-561>_15924,"elle l' est , il lui eût été difficile d'"
Delly_Le-candelabre-du-temple_<Myriam-561>_15943,une comtesse de Hornstedt . Elle y a réfléchi longuement
Delly_Le-candelabre-du-temple_<Myriam-561>_15954,", le cœur déchiré , s' est décidée à suivre"
Delly_Le-candelabre-du-temple_<Myriam-561>_15955,"le cœur déchiré , s' est décidée à suivre la"
Delly_Le-candelabre-du-temple_<Myriam-561>_15970,"« Sachant le chagrin qu' elle va vous causer ,"
Delly_Le-candelabre-du-temple_<Myriam-561>_15972,"le chagrin qu' elle va vous causer , elle n'"
Delly_Le-candelabre-du-temple_<Myriam-561>_15975,"elle va vous causer , elle n' ose encore vous"
Delly_Le-candelabre-du-temple_<Myriam-561>_15979,", elle n' ose encore vous écrire et m' a"
Delly_Le-candelabre-du-temple_<Myriam-561>_15983,encore vous écrire et m' a chargé de solliciter son
Delly_Le-candelabre-du-temple_<Myriam-561>_15987,m' a chargé de solliciter son pardon . Je ne
Delly_Le-candelabre-du-temple_<Myriam-561>_15995,"Je ne doute pas que vous le lui accordiez ,"
Delly_Le-candelabre-du-temple_<Myriam-561>_15997,"doute pas que vous le lui accordiez , ma chère"
Delly_Le-candelabre-du-temple_<Myriam-561>_16005,"ma chère Sophie , car vous êtes trop intelligente et"
Delly_Le-candelabre-du-temple_<Myriam-561>_16010,vous êtes trop intelligente et vous aimez trop cette charmante
Delly_Le-candelabre-du-temple_<Myriam-561>_16013,intelligente et vous aimez trop cette charmante Carolia pour ne
Delly_Le-candelabre-du-temple_<Myriam-561>_16026,"en acceptant ce mariage , elle témoigne d' un esprit"
Delly_Le-candelabre-du-temple_<Myriam-561>_16051,"avec des sentiments romanesques , vous le savez comme moi"
Delly_Le-candelabre-du-temple_<Myriam-561>_16083,"se montrera aussi raisonnable qu' elle en reconnaissant que ,"
Delly_Le-candelabre-du-temple_<Myriam-561>_16112,"«Tous nos regrets encore , chère cousine . . ."
Delly_Le-candelabre-du-temple_<Myriam-561>_16212,. . . dès qu' elle a été bien assurée
Delly_Le-candelabre-du-temple_<Myriam-561>_16223,ma ruine est réelle . Mlle d' Eitchen est vraiment
Delly_Le-candelabre-du-temple_<Myriam-561>_16228,Mlle d' Eitchen est vraiment une personne prudente et avisée
Delly_Le-candelabre-du-temple_<Myriam-561>_16253,. . . Une enfant que j' ai élevée .
Delly_Le-candelabre-du-temple_<Myriam-561>_16260,ai élevée . . . qui nous était très attachée
Delly_Le-candelabre-du-temple_<Myriam-561>_16268,"très attachée . . . qui t' aimait tant ,"
Delly_Le-candelabre-du-temple_<Myriam-561>_16296,je t' assure ! Mais elle a eu peur d'
Delly_Le-candelabre-du-temple_<Myriam-561>_16318,situation était bien changée pour elle . . . –
Delly_Le-candelabre-du-temple_<Myriam-561>_16370,". Ils y ont poussé Carolia , en lui faisant"
Delly_Le-candelabre-du-temple_<Myriam-561>_16373,"ont poussé Carolia , en lui faisant envisager tous les"
Delly_Le-candelabre-du-temple_<Myriam-561>_16390,de Hornstedt ruiné . Si elle était restée près de
Delly_Le-candelabre-du-temple_<Myriam-561>_16397,"restée près de nous , elle n' aurait pas changé"
Delly_Le-candelabre-du-temple_<Myriam-561>_16426,"état de mes finances , elle se serait arrangée de"
Delly_Le-candelabre-du-temple_<Myriam-561>_16465,", mais soyez assurée que Mlle d' Eichten a su"
Delly_Le-candelabre-du-temple_<Myriam-561>_16473,a su très bien par elle - même réfléchir et
Delly_Le-candelabre-du-temple_<Myriam-561>_16488,". Dans cette union , elle ne cède à aucun"
Delly_Le-candelabre-du-temple_<Myriam-561>_16505,", puisque ce mariage – son tuteur ne le cache"
Delly_Le-candelabre-du-temple_<Myriam-561>_16514,cache pas – est de sa part uniquement un mariage
Delly_Le-candelabre-du-temple_<Myriam-561>_16526,". Ainsi donc , laissez - lui sa grande part"
Delly_Le-candelabre-du-temple_<Myriam-561>_16528,"donc , laissez - lui sa grande part de responsabilité"
Delly_Le-candelabre-du-temple_<Myriam-561>_16537,"responsabilité , sans chercher à l' excuser devant moi ."
Delly_Le-candelabre-du-temple_<Myriam-561>_16546,. – Mais je ne l' excuse pas ! .
Delly_Le-candelabre-du-temple_<Myriam-561>_16554,! . . . Certainement elle est très coupable de
Delly_Le-candelabre-du-temple_<Myriam-561>_16579,de parole donnée . Cela lui épargne même la peine
Delly_Le-candelabre-du-temple_<Myriam-561>_16593,". . Mais oui , elle était absolument libre ."
Delly_Le-candelabre-du-temple_<Myriam-561>_16604,"de Hornstedt , riche , lui plaisait . Pauvre ,"
Delly_Le-candelabre-du-temple_<Myriam-561>_16609,"lui plaisait . Pauvre , elle se détourne de lui"
Delly_Le-candelabre-du-temple_<Myriam-561>_16668,. Pour l' abandon de cette coquette ambitieuse ? Franchement
Delly_Le-candelabre-du-temple_<Myriam-561>_16698,que mérite de ma part la future comtesse de Sargen
Delly_Le-candelabre-du-temple_<Myriam-561>_16722,"J' en suis contente pour toi , mon enfant !"
Delly_Le-candelabre-du-temple_<Myriam-561>_16730,enfant ! Je craignais de te voir souffrir par la
Delly_Le-candelabre-du-temple_<Myriam-561>_16737,souffrir par la faute de cette petite ingrate . .
Delly_Le-candelabre-du-temple_<Myriam-561>_16743,petite ingrate . . . Une enfant que j' aimais
Delly_Le-candelabre-du-temple_<Myriam-561>_16745,. . . Une enfant que j' aimais tant !
Delly_Le-candelabre-du-temple_<Myriam-561>_16755,Ah ! jamais je ne la reverrai de ma vie
Delly_Le-candelabre-du-temple_<Myriam-561>_16830,"d' apprendre les fiançailles d' une étrangère . Mais ,"
Delly_Le-candelabre-du-temple_<Myriam-561>_16873,une photographie – celle de Carolia . . . Pendant
Delly_Le-candelabre-du-temple_<Myriam-561>_16928,tout ce qui existe chez elle . . . Du
Delly_Le-candelabre-du-temple_<Myriam-561>_16972,"au dehors . – Je te méprise , toi et"
Delly_Le-candelabre-du-temple_<Myriam-561>_16975,"– Je te méprise , toi et toutes tes pareilles"
Delly_Le-candelabre-du-temple_<Myriam-561>_16978,"méprise , toi et toutes tes pareilles ! dit -"
Delly_Le-candelabre-du-temple_<Myriam-561>_16998,"temps , Seigneur ! gémit Mme Sulzer . Elle rentrait"
Delly_Le-candelabre-du-temple_<Myriam-561>_17001,! gémit Mme Sulzer . Elle rentrait de la messe
Delly_Le-candelabre-du-temple_<Myriam-561>_17018,"le dallage du vestibule , sa jupe mouillée traça des"
Delly_Le-candelabre-du-temple_<Myriam-561>_17040,à la main . Quand Mme Sulzer eut quitté ses
Delly_Le-candelabre-du-temple_<Myriam-561>_17044,"Quand Mme Sulzer eut quitté ses souliers boueux , elle"
Delly_Le-candelabre-du-temple_<Myriam-561>_17048,"quitté ses souliers boueux , elle se dirigea vers l'"
Delly_Le-candelabre-du-temple_<Myriam-561>_17059,", en relevant très haut sa jupe dans la crainte"
Delly_Le-candelabre-du-temple_<Myriam-561>_17073,"marches brillantes . Ayant gagné sa chambre , elle s'"
Delly_Le-candelabre-du-temple_<Myriam-561>_17076,"Ayant gagné sa chambre , elle s' empressa de revêtir"
Delly_Le-candelabre-du-temple_<Myriam-561>_17099,sorties par le mauvais temps la rendaient toujours d' humeur
Delly_Le-candelabre-du-temple_<Myriam-561>_17106,"toujours d' humeur détestable , elle se mit à ranger"
Delly_Le-candelabre-du-temple_<Myriam-561>_17116,", à essuyer autour d' elle avec la minutie qui"
Delly_Le-candelabre-du-temple_<Myriam-561>_17121,elle avec la minutie qui lui était habituelle . Sur
Delly_Le-candelabre-du-temple_<Myriam-561>_17141,"se voyaient les photographies de son mari , d' une"
Delly_Le-candelabre-du-temple_<Myriam-561>_17153,"morte toute jeune , de sa nièce , Catharina Halner"
Delly_Le-candelabre-du-temple_<Myriam-561>_17160,", Catharina Halner , qui lui avait succédé dans ses"
Delly_Le-candelabre-du-temple_<Myriam-561>_17193,"Hornstedt . Chaque jour , Mme Sulzer s' arrêtait longuement"
Delly_Le-candelabre-du-temple_<Myriam-561>_17209,"allégresse . Il était véritablement son idole , ce jeune"
Delly_Le-candelabre-du-temple_<Myriam-561>_17216,", ce jeune homme qu' elle avait connu tout petit"
Delly_Le-candelabre-du-temple_<Myriam-561>_17226,"enfant , et bercé entre ses bras . Aussi avait"
Delly_Le-candelabre-du-temple_<Myriam-561>_17231,ses bras . Aussi avait - elle souffert au plus
Delly_Le-candelabre-du-temple_<Myriam-561>_17238,"souffert au plus profond de son âme , quand la"
Delly_Le-candelabre-du-temple_<Myriam-561>_17252,"sur lui , et qu' elle avait connu l' abandon"
Delly_Le-candelabre-du-temple_<Myriam-561>_17270,"bientôt , quelle revanche ! Mme Sulzer ne pouvait songer"
Delly_Le-candelabre-du-temple_<Myriam-561>_17284,rétrospectif à la joie qui l' avait saisie en apprenant
Delly_Le-candelabre-du-temple_<Myriam-561>_17295,nouvelle inattendue – joie qu' elle s' était ensuite reprochée
Delly_Le-candelabre-du-temple_<la femme ambitieuse et frivole-839>_21514,de la revanche prise sur la femme ambitieuse et frivole
Delly_Le-candelabre-du-temple_<la femme ambitieuse et frivole-839>_21519,"la femme ambitieuse et frivole qui , autrefois , avait"
Delly_Le-candelabre-du-temple_<la femme ambitieuse et frivole-839>_21525,", autrefois , avait par son abandon blessé en lui"
Delly_Le-candelabre-du-temple_<la femme ambitieuse et frivole-839>_21561,", et sans enfants , la comtesse de Sargen ,"
Delly_Le-candelabre-du-temple_<la femme ambitieuse et frivole-839>_21587,"pour la première fois , elle allait se rencontrer avec"
Delly_Le-candelabre-du-temple_<la femme ambitieuse et frivole-839>_21601,", à ce dîner où elle avait réussi à se"
Delly_Le-candelabre-du-temple_<la femme ambitieuse et frivole-839>_21612,inviter . On disait qu' elle avait été fort peu
Delly_Le-candelabre-du-temple_<la femme ambitieuse et frivole-839>_21632,"et jaloux , et qu' elle n' avait même pas"
Delly_Le-candelabre-du-temple_<la femme ambitieuse et frivole-839>_21642,"eu de compensations pécuniaires , son douaire étant assez modeste"
Delly_Le-candelabre-du-temple_<la femme ambitieuse et frivole-839>_21652,. Déjà des âmes complaisantes lui cherchaient un second mari
Delly_Le-candelabre-du-temple_<la femme ambitieuse et frivole-839>_21659,un second mari . Mais Carolia ne semblait aucunement pressée
Delly_Le-candelabre-du-temple_<la femme ambitieuse et frivole-839>_21665,ne semblait aucunement pressée . Elle avait même confié à
Delly_Le-candelabre-du-temple_<la femme ambitieuse et frivole-839>_21670,Elle avait même confié à sa marraine qu' elle ne
Delly_Le-candelabre-du-temple_<la femme ambitieuse et frivole-839>_21673,confié à sa marraine qu' elle ne songeait pas du
Delly_Le-candelabre-du-temple_<la femme ambitieuse et frivole-839>_21691,"Sophie avait pardonné , quand la belle veuve , contrite"
Delly_Le-candelabre-du-temple_<la femme ambitieuse et frivole-839>_21700,contrite et si touchante dans ses vêtements noirs enjolivés de
Delly_Le-candelabre-du-temple_<la femme ambitieuse et frivole-839>_21717,de ce qu' elle appelait son « irréparable tort »
Delly_Le-candelabre-du-temple_<la femme ambitieuse et frivole-839>_21748,presque approuvé la conduite de Carolia . À elle aussi
Delly_Le-candelabre-du-temple_<la femme ambitieuse et frivole-839>_21772,". Elle comprenait donc que Carolia , jeune , belle"
Delly_Le-candelabre-du-temple_<la femme ambitieuse et frivole-839>_21783,"brillante , hésitât et finalement renonçât , quel que fût"
Delly_Le-candelabre-du-temple_<la femme ambitieuse et frivole-839>_21788,"renonçât , quel que fût son amour pour Siegbert ,"
Delly_Le-candelabre-du-temple_<la femme ambitieuse et frivole-839>_21824,"ne lui avait reparlé de Carolia , et jamais elle"
Delly_Le-candelabre-du-temple_<la femme ambitieuse et frivole-839>_21828,"de Carolia , et jamais elle n' avait osé lui"
Delly_Le-candelabre-du-temple_<la femme ambitieuse et frivole-839>_21841,", même depuis qu' elle la rencontrait fréquemment dans les"
Delly_Le-candelabre-du-temple_<la femme ambitieuse et frivole-839>_21891,quel souvenir il gardait de celle qui avait été presque
Delly_Le-candelabre-du-temple_<la femme ambitieuse et frivole-839>_21892,souvenir il gardait de celle qui avait été presque sa
Delly_Le-candelabre-du-temple_<la femme ambitieuse et frivole-839>_21915,la présence à Vienne de la jeune veuve n' était
Delly_Le-candelabre-du-temple_<la femme ambitieuse et frivole-839>_21960,il savait qu' il allait la trouver à ce dîner
Delly_Le-candelabre-du-temple_<la femme ambitieuse et frivole-839>_22027,"sans peine la rage de Carolia , à la nouvelle"
Delly_Le-candelabre-du-temple_<la femme ambitieuse et frivole-839>_22067,", à l' instant où elle venait de l' abandonner"
Delly_Le-candelabre-du-temple_<la femme ambitieuse et frivole-839>_22093,il se doutait bien qu' elle allait chercher à le
Delly_Le-candelabre-du-temple_<la femme ambitieuse et frivole-839>_22114,"« Allez , allez , je vous réserve plus d'"
Delly_Le-candelabre-du-temple_<la femme ambitieuse et frivole-839>_22115,"Allez , allez , je vous réserve plus d' une"
Delly_Le-candelabre-du-temple_<la femme ambitieuse et frivole-839>_22152,"mauve rehaussait l' éclat de sa beauté blonde , et"
Delly_Le-candelabre-du-temple_<la femme ambitieuse et frivole-839>_22161,et quelques diamants étincelaient dans ses cheveux coiffés de la
Delly_Le-candelabre-du-temple_<la femme ambitieuse et frivole-839>_22174,"aimait autrefois . . . Son visage s' empourpra ,"
Delly_Le-candelabre-du-temple_<la femme ambitieuse et frivole-839>_22179,"Son visage s' empourpra , ses yeux brillèrent d' émotion"
Delly_Le-candelabre-du-temple_<la femme ambitieuse et frivole-839>_22186,"brillèrent d' émotion , quand elle vit le prince de"
Delly_Le-candelabre-du-temple_<la femme ambitieuse et frivole-839>_22265,souverain . Il parut apercevoir Carolia seulement quand il fut
Delly_Le-candelabre-du-temple_<la femme ambitieuse et frivole-839>_22274,fut à quelques pas d' elle . Alors il s'
Delly_Le-candelabre-du-temple_<la femme ambitieuse et frivole-839>_22315,pour lui autre chose que la plus indifférente des étrangères
Delly_Le-candelabre-du-temple_<la femme ambitieuse et frivole-839>_22363,"le repas . . . Carolia , tout en essayant"
Delly_Le-candelabre-du-temple_<la femme ambitieuse et frivole-839>_22375,"attention à la conversation de ses voisins , le regardait"
Delly_Le-candelabre-du-temple_<la femme ambitieuse et frivole-839>_22382,", le regardait , l' écoutait avec une sorte de"
Delly_Le-candelabre-du-temple_<la femme ambitieuse et frivole-839>_22397,"l' heure , quand il l' avait saluée , la"
Delly_Le-candelabre-du-temple_<la femme ambitieuse et frivole-839>_22401,"il l' avait saluée , la jeune femme avait senti"
Delly_Le-candelabre-du-temple_<la femme ambitieuse et frivole-839>_22424,"plus glaciale indifférence . Mais elle se reprenait vite ,"
Delly_Le-candelabre-du-temple_<la femme ambitieuse et frivole-839>_22434,ayant dans le charme de sa beauté une très grande
Delly_Le-candelabre-du-temple_<la femme ambitieuse et frivole-839>_22451,"tout , que le prince lui gardât rancune et le"
Delly_Le-candelabre-du-temple_<la femme ambitieuse et frivole-839>_22456,lui gardât rancune et le lui fît sentir . Cependant
Delly_Le-candelabre-du-temple_<la femme ambitieuse et frivole-839>_22500,la cendre . . . Mme de Sargen se sentait
Delly_Le-candelabre-du-temple_<la femme ambitieuse et frivole-839>_22519,pour la faire jaillir . Elle ne se connaissait pas
Delly_Le-candelabre-du-temple_<la femme ambitieuse et frivole-839>_22538,sérieuses . Une enquête discrète lui avait appris que le
Delly_Le-candelabre-du-temple_<la femme ambitieuse et frivole-839>_22578,qui lui étaient proposés . Carolia concluait de ces divers
Delly_Le-candelabre-du-temple_<la femme ambitieuse et frivole-839>_22622,"se berçait l' imagination de la blonde veuve , ce"
Delly_Le-candelabre-du-temple_<la femme ambitieuse et frivole-839>_22635,jamais . Car voici qu' elle se sentait éprise passionnément
Delly_Le-candelabre-du-temple_<la femme ambitieuse et frivole-839>_22648,vraiment différent de celui qu' elle avait aimé autrefois –
Delly_Le-candelabre-du-temple_<la femme ambitieuse et frivole-839>_22682,"froide , orgueilleusement dominatrice . Carolia le voyait ici environné"
Delly_Le-candelabre-du-temple_<la femme ambitieuse et frivole-839>_22700,"de la conquête devenait en elle plus violent , plus"
Delly_Le-candelabre-du-temple_<la femme ambitieuse et frivole-839>_22717,"atteindre son but , qu' elle se rencontrât fréquemment avec"
Delly_Le-candelabre-du-temple_<la femme ambitieuse et frivole-839>_22724,rencontrât fréquemment avec lui . Elle devait donc se faire
Delly_Le-candelabre-du-temple_<la femme ambitieuse et frivole-839>_22733,"faire une alliée inconsciente de sa marraine , afin de"
Delly_Le-candelabre-du-temple_<la femme ambitieuse et frivole-839>_22764,"là , Mme de Sargen lui dit mélancoliquement à l'"
Delly_Le-candelabre-du-temple_<la femme ambitieuse et frivole-839>_22807,", par orgueil ; mais tu verras que tout changera"
Delly_Le-candelabre-du-temple_<la femme ambitieuse et frivole-839>_22830,! La pensée qu' il me déteste est si affreuse
Delly_Le-candelabre-du-temple_<la femme ambitieuse et frivole-839>_22836,déteste est si affreuse pour moi ! . . .
Delly_Le-candelabre-du-temple_<la femme ambitieuse et frivole-839>_22868,un moment à passer . Tu verras qu' il deviendra
Delly_Le-candelabre-du-temple_<la femme ambitieuse et frivole-839>_22884,", dans la voiture qui l' emportait vers le palais"
Delly_Le-candelabre-du-temple_<la femme ambitieuse et frivole-839>_22898,comtesse Sophie songea :« Il lui en veut certainement beaucoup
Delly_Le-candelabre-du-temple_<la femme ambitieuse et frivole-839>_22917,"comme celle - là , Carolia aura de la peine"
Delly_Le-candelabre-du-temple_<la femme ambitieuse et frivole-839>_22931,". . . Cependant , elle y arrivera sans doute"
Delly_Le-candelabre-du-temple_<la femme ambitieuse et frivole-839>_22938,"arrivera sans doute , car elle est bien jolie !"
Delly_Le-candelabre-du-temple_<la femme ambitieuse et frivole-839>_22960,il n' a eu pour elle que la plus complète
Delly_Le-candelabre-du-temple_<la femme ambitieuse et frivole-839>_22978,tant le mauve autrefois ! Elle s' en était bien
Delly_Le-candelabre-du-temple_<la femme ambitieuse et frivole-839>_22985,"en était bien souvenue , pauvre petite . . ."
Delly_Le-candelabre-du-temple_<la femme ambitieuse et frivole-839>_23022,"coussins de la voiture , Mme de Hornstedt se mit"
Delly_Le-candelabre-du-temple_<la femme ambitieuse et frivole-839>_23045,peut - être prudent à elle de ne pas s'
Delly_Le-candelabre-du-temple_<la femme ambitieuse et frivole-839>_23052,ne pas s' engager avec Carolia dans une intimité trop
Delly_Le-candelabre-du-temple_<la femme ambitieuse et frivole-839>_23070,", par dessus tout , l' excellente dame redoutait d'"
Delly_Le-candelabre-du-temple_<la femme ambitieuse et frivole-839>_23083,mécontentement chez celui de qui elle tenait le luxueux bien
Delly_Le-candelabre-du-temple_<la femme ambitieuse et frivole-839>_23091,"luxueux bien - être de son existence , et qui"
Delly_Le-candelabre-du-temple_<la femme ambitieuse et frivole-839>_23098,", et qui pouvait tout lui enlever dans un moment"
Delly_Le-candelabre-du-temple_<la femme ambitieuse et frivole-839>_23111,"Pour éviter pareil malheur , elle se sentait prête à"
Delly_Le-candelabre-du-temple_<la femme ambitieuse et frivole-839>_23135,de la jeune femme qu' elle appelait si tendrement «
Delly_Le-candelabre-du-temple_<la femme ambitieuse et frivole-839>_23140,elle appelait si tendrement « ma petite Carolia chérie »
Delly_Le-candelabre-du-temple_<la femme ambitieuse et frivole-839>_23213,à coup presque sombre . Myriam ne s' était pas
Delly_Le-candelabre-du-temple_<la femme ambitieuse et frivole-839>_23223,aperçue de cette apparition . Son âme tout entière s'
Delly_Le-candelabre-du-temple_<la femme ambitieuse et frivole-839>_23238,dans les pensées anxieuses qu' elle venait confier à Dieu
Delly_Le-candelabre-du-temple_<la femme ambitieuse et frivole-839>_23244,venait confier à Dieu . Elle avait bien souffert au
Delly_Le-candelabre-du-temple_<la femme ambitieuse et frivole-839>_23255,"de ces cinq années , la petite Myriam . Cependant"
Delly_Le-candelabre-du-temple_<la femme ambitieuse et frivole-839>_23267,"religieuses s' étaient montrées pour elle de vraies mères ,"
Delly_Le-candelabre-du-temple_<la femme ambitieuse et frivole-839>_23278,"dans la religion catholique , elle trouvait réalisées toutes les"
Delly_Le-candelabre-du-temple_<la femme ambitieuse et frivole-839>_23285,réalisées toutes les aspirations de son âme ardente et pure
Delly_Le-candelabre-du-temple_<la femme ambitieuse et frivole-839>_23313,", avec l' affection de sa sœur et celle de"
Delly_Le-candelabre-du-temple_<la femme ambitieuse et frivole-839>_23318,"sa sœur et celle de ses maîtresses , Myriam aurait"
Delly_Le-candelabre-du-temple_<la femme ambitieuse et frivole-839>_23321,"celle de ses maîtresses , Myriam aurait dû se trouver"
Delly_Le-candelabre-du-temple_<la femme ambitieuse et frivole-839>_23351,ouvrir dans le cœur de l' enfant une blessure qui
Delly_Le-candelabre-du-temple_<la femme ambitieuse et frivole-839>_23375,"étant prise d' antipathie pour Myriam , apprit un jour"
Delly_Le-candelabre-du-temple_<la femme ambitieuse et frivole-839>_23385,à ses compagnes de qui elle était la petite -
Delly_Le-candelabre-du-temple_<la femme ambitieuse et frivole-839>_23387,"compagnes de qui elle était la petite - fille ,"
Delly_Le-candelabre-du-temple_<la femme ambitieuse et frivole-839>_23421,". Cédant aux supplications de Myriam , en présence de"
Delly_Le-candelabre-du-temple_<la femme ambitieuse et frivole-839>_23426,"Myriam , en présence de qui la pénible révélation avait"
Delly_Le-candelabre-du-temple_<la femme ambitieuse et frivole-839>_23437,"faite , la Supérieure dut lui en confirmer la vérité"
Delly_Le-candelabre-du-temple_<la femme ambitieuse et frivole-839>_23443,en confirmer la vérité . L' enfant supporta cette humiliation
Delly_Le-candelabre-du-temple_<la femme ambitieuse et frivole-839>_23454,un héroïque courage . Mais son âme si délicate était
Delly_Le-candelabre-du-temple_<la femme ambitieuse et frivole-839>_23467,atroce souffrance . Pendant longtemps sa santé en fut altérée
Delly_Le-candelabre-du-temple_<la femme ambitieuse et frivole-839>_23477,", et il fallut toute sa tendresse à l' égard"
Delly_Le-candelabre-du-temple_<la femme ambitieuse et frivole-839>_23485,l' égard de Rachel pour lui donner la force de
Delly_Le-candelabre-du-temple_<la femme ambitieuse et frivole-839>_23495,"surmonter cette crise terrible . Sa résignation , sa piété"
Delly_Le-candelabre-du-temple_<la femme ambitieuse et frivole-839>_23498,"terrible . Sa résignation , sa piété , le charme"
Delly_Le-candelabre-du-temple_<la femme ambitieuse et frivole-839>_23507,charme qui se dégageait d' elle eurent enfin raison de
Delly_Le-candelabre-du-temple_<la femme ambitieuse et frivole-839>_23515,raison de l' hostilité qui l' environnait . Il fallait
Delly_Le-candelabre-du-temple_<la femme ambitieuse et frivole-839>_23551,"demeurait inguérissable au cœur de Myriam . Bien souvent ,"
Delly_Le-candelabre-du-temple_<la femme ambitieuse et frivole-839>_23557,". Bien souvent , à son esprit , se présentaient"
Delly_Le-candelabre-du-temple_<la femme ambitieuse et frivole-839>_23565,"se présentaient la pensée de son aïeul , celle de"
Delly_Le-candelabre-du-temple_<la femme ambitieuse et frivole-839>_23570,"son aïeul , celle de son père qu' elle avait"
Delly_Le-candelabre-du-temple_<la femme ambitieuse et frivole-839>_23573,celle de son père qu' elle avait entendu qualifier de
Delly_Le-candelabre-du-temple_<la femme ambitieuse et frivole-839>_23602,"de leur famille , et elle songeait en frissonnant de"
Delly_Le-candelabre-du-temple_<la femme ambitieuse et frivole-839>_23631,"Puis , un jour , elle avait pensé : «"
Delly_Le-candelabre-du-temple_<la femme ambitieuse et frivole-839>_23659,"- il pas été par mon grand - père ,"
Delly_Le-candelabre-du-temple_<la femme ambitieuse et frivole-839>_23754,Würmstein . La rancune que Myriam conservait contre le jeune
Delly_Le-candelabre-du-temple_<la femme ambitieuse et frivole-839>_23793,d' écarter de sa présence la petite - fille d'
Delly_Le-candelabre-du-temple_<la femme ambitieuse et frivole-839>_23829,"aimé . Tout ceci , Myriam se l' était dit"
Delly_Le-candelabre-du-temple_<la femme ambitieuse et frivole-839>_23838,"dit et répété , mais elle n' en éprouvait pas"
Delly_Le-candelabre-du-temple_<la femme ambitieuse et frivole-839>_23862,prince Siegbert de Hornstedt dont Mme Sulzer ne parlait qu'
Delly_Le-candelabre-du-temple_<la femme ambitieuse et frivole-839>_23879,source de la fortune qui lui venait de sa mère
Delly_Le-candelabre-du-temple_<la femme ambitieuse et frivole-839>_23882,"fortune qui lui venait de sa mère , elle avait"
Delly_Le-candelabre-du-temple_<la femme ambitieuse et frivole-839>_23885,"venait de sa mère , elle avait résolu de n'"
Delly_Le-candelabre-du-temple_<la femme ambitieuse et frivole-839>_23895,en plus vivre dès qu' elle aurait le droit d'
Delly_Le-candelabre-du-temple_<la femme ambitieuse et frivole-839>_23902,le droit d' agir à sa guise . Dans ce
Delly_Le-candelabre-du-temple_<la femme ambitieuse et frivole-839>_23909,". Dans ce but , elle se préparait à une"
Delly_Le-candelabre-du-temple_<la femme ambitieuse et frivole-839>_23921,"travail , afin de gagner son existence et celle de"
Delly_Le-candelabre-du-temple_<la femme ambitieuse et frivole-839>_23926,son existence et celle de Rachel . Cette perspective n'
Delly_Le-candelabre-du-temple_<la femme ambitieuse et frivole-839>_23933,"Cette perspective n' effrayait pas son âme courageuse , qui"
Delly_Le-candelabre-du-temple_<la femme ambitieuse et frivole-839>_23937,"pas son âme courageuse , qui voyait dans la pauvreté"
Delly_Le-candelabre-du-temple_<la femme ambitieuse et frivole-839>_23969,"après qu' avaient été révolus ses seize ans , une"
Delly_Le-candelabre-du-temple_<la femme ambitieuse et frivole-839>_23978,"une nouvelle souffrance était venue l' accabler , sous la"
Delly_Le-candelabre-du-temple_<la femme ambitieuse et frivole-839>_23994,"armoiries des Würmstein , que lui envoyait un homme d'"
Delly_Le-candelabre-du-temple_<la femme ambitieuse et frivole-839>_24018,"ma fille Myriam , quand elle aura seize ans ."
Delly_Le-candelabre-du-temple_<la femme ambitieuse et frivole-839>_24037,"tressaillement de crainte , car elle pressentait qu' il ne"
Delly_Le-candelabre-du-temple_<la femme ambitieuse et frivole-839>_24043,pressentait qu' il ne pouvait lui venir rien de bon
Delly_Le-candelabre-du-temple_<la femme ambitieuse et frivole-839>_24063,"si indifférent , et dont elle ne se rappelait que"
Delly_Le-candelabre-du-temple_<la femme ambitieuse et frivole-839>_24075,"colères devant lesquelles pleurait silencieusement sa jeune femme , frêle"
Delly_Le-candelabre-du-temple_<la femme ambitieuse et frivole-839>_24079,"silencieusement sa jeune femme , frêle et jolie créature à"
Delly_Le-candelabre-du-temple_<la femme ambitieuse et frivole-839>_24084,frêle et jolie créature à qui Rachel ressemblait . Myriam
Delly_Le-candelabre-du-temple_<la femme ambitieuse et frivole-839>_24085,et jolie créature à qui Rachel ressemblait . Myriam avait
Delly_Le-candelabre-du-temple_<la femme ambitieuse et frivole-839>_24088,à qui Rachel ressemblait . Myriam avait lu ceci :
Delly_Le-candelabre-du-temple_<la femme ambitieuse et frivole-839>_24101,"la mort est proche pour moi , et je veux"
Delly_Le-candelabre-du-temple_<la femme ambitieuse et frivole-839>_24104,"proche pour moi , et je veux t' instruire de"
Delly_Le-candelabre-du-temple_<la femme ambitieuse et frivole-839>_24106,"moi , et je veux t' instruire de mes dernières"
Delly_Le-candelabre-du-temple_<la femme ambitieuse et frivole-839>_24109,"je veux t' instruire de mes dernières volontés , toi"
Delly_Le-candelabre-du-temple_<la femme ambitieuse et frivole-839>_24113,"de mes dernières volontés , toi qui es ma fille"
Delly_Le-candelabre-du-temple_<la femme ambitieuse et frivole-839>_24114,"mes dernières volontés , toi qui es ma fille aînée"
Delly_Le-candelabre-du-temple_<la femme ambitieuse et frivole-839>_24116,"volontés , toi qui es ma fille aînée . «"
Delly_Le-candelabre-du-temple_<la femme ambitieuse et frivole-839>_24126,Peut - être m' as - tu jugé comme un
Delly_Le-candelabre-du-temple_<la femme ambitieuse et frivole-839>_24135,un père insouciant . Pourtant je préparais magnifiquement ton avenir
Delly_Le-candelabre-du-temple_<la femme ambitieuse et frivole-839>_24138,. Pourtant je préparais magnifiquement ton avenir . De par
Delly_Le-candelabre-du-temple_<la femme ambitieuse et frivole-839>_24152,"le comte de Hornstedt et moi , tu dois devenir"
Delly_Le-candelabre-du-temple_<la femme ambitieuse et frivole-839>_24154,"de Hornstedt et moi , tu dois devenir à seize"
Delly_Le-candelabre-du-temple_<la femme ambitieuse et frivole-839>_24169,son fils Siegbert . Ainsi tu rentreras dans ce milieu
Delly_Le-candelabre-du-temple_<la femme ambitieuse et frivole-839>_24183,"mien , et avec lequel j' ai jugé bon de"
Delly_Le-candelabre-du-temple_<la femme ambitieuse et frivole-839>_24196,pour des raisons qu' il t' importe peu de connaître
Delly_Le-candelabre-du-temple_<la femme ambitieuse et frivole-839>_24207,"« Tout est réglé , je le répète , entre"
Delly_Le-candelabre-du-temple_<la femme ambitieuse et frivole-839>_24217,le comte de Hornstedt et moi . Tu n' auras
Delly_Le-candelabre-du-temple_<la femme ambitieuse et frivole-839>_24219,de Hornstedt et moi . Tu n' auras qu' à
Delly_Le-candelabre-du-temple_<la femme ambitieuse et frivole-839>_24225,n' auras qu' à mettre ta main dans celle que
Delly_Le-candelabre-du-temple_<la femme ambitieuse et frivole-839>_24230,ta main dans celle que t' offrira le comte Siegbert
Delly_Le-candelabre-du-temple_<la femme ambitieuse et frivole-839>_24251,"Quant à une opposition de ta part , il ne"
Delly_Le-candelabre-du-temple_<la femme ambitieuse et frivole-839>_24260,"ne peut en exister , ma volonté formelle étant que"
Delly_Le-candelabre-du-temple_<la femme ambitieuse et frivole-839>_24271,"mariage s' accomplisse . Ainsi tu trouveras là , pour"
Delly_Le-candelabre-du-temple_<la femme ambitieuse et frivole-839>_24276,"tu trouveras là , pour toi et pour Rachel ,"
Delly_Le-candelabre-du-temple_<la femme ambitieuse et frivole-839>_24293,"Respecte ce vœu suprême de ton père mourant , qui"
Delly_Le-candelabre-du-temple_<la femme ambitieuse et frivole-839>_24300,"mourant , qui a su t' aimer à sa manière"
Delly_Le-candelabre-du-temple_<la femme ambitieuse et frivole-839>_24307,à sa manière . « Comte Karl Würmstein . »
Delly_Le-candelabre-du-temple_<la femme ambitieuse et frivole-839>_24325,près de trois mois que Myriam avait pris connaissance de
Delly_Le-candelabre-du-temple_<la femme ambitieuse et frivole-839>_24338,"outre - tombe , et elle en demeurait aussi profondément"
Delly_Le-candelabre-du-temple_<la femme ambitieuse et frivole-839>_24353,au premier moment . Pourquoi son père lui imposait -
Delly_Le-candelabre-du-temple_<la femme ambitieuse et frivole-839>_24355,moment . Pourquoi son père lui imposait - il ce
Delly_Le-candelabre-du-temple_<la femme ambitieuse et frivole-839>_24378,il de s' unir à elle . . . à
Delly_Le-candelabre-du-temple_<la femme ambitieuse et frivole-839>_24383,"elle . . . à elle , la petite -"
Delly_Le-candelabre-du-temple_<la femme ambitieuse et frivole-839>_24385,". . à elle , la petite - fille d'"
Delly_Le-candelabre-du-temple_<la femme ambitieuse et frivole-839>_24392,- fille d' Eliezer ?Ceci lui paraissait impossible – surtout
Delly_Le-candelabre-du-temple_<la femme ambitieuse et frivole-839>_24398,paraissait impossible – surtout quand elle se souvenait de l'
Delly_Le-candelabre-du-temple_<la femme ambitieuse et frivole-839>_24407,l' accueil fait autrefois à Myriam Würmstein par celui que
Delly_Le-candelabre-du-temple_<la femme ambitieuse et frivole-839>_24412,Myriam Würmstein par celui que son père lui destinait comme
Delly_Le-candelabre-du-temple_<la femme ambitieuse et frivole-839>_24414,par celui que son père lui destinait comme époux .
Delly_Le-candelabre-du-temple_<la femme ambitieuse et frivole-839>_24423,. Un frisson d' effroi la parcourait à cette pensée
Delly_Le-candelabre-du-temple_<la femme ambitieuse et frivole-839>_24438,Hornstedt s' était révélé à elle sous un aspect de
Delly_Le-candelabre-du-temple_<la femme ambitieuse et frivole-839>_24448,"dureté , de violence qui lui faisait envisager en tremblant"
Delly_Le-candelabre-du-temple_<la femme ambitieuse et frivole-839>_24479,victime de l' homme dont Myriam avait le malheur d'
Delly_Le-candelabre-du-temple_<la femme ambitieuse et frivole-839>_24500,faire porter la peine à une enfant innocente . .
Delly_Le-candelabre-du-temple_<la femme ambitieuse et frivole-839>_24517,"il empêché la guérison de Rachel , Mme Sulzer s'"
Delly_Le-candelabre-du-temple_<la femme ambitieuse et frivole-839>_24519,"la guérison de Rachel , Mme Sulzer s' étant refusée"
Delly_Le-candelabre-du-temple_<la femme ambitieuse et frivole-839>_24556,". Pourtant , s' il lui demandait de devenir sa"
Delly_Le-candelabre-du-temple_<la femme ambitieuse et frivole-839>_24560,"il lui demandait de devenir sa femme , elle devrait"
Delly_Le-candelabre-du-temple_<la femme ambitieuse et frivole-839>_24563,"de devenir sa femme , elle devrait accepter , pour"
Delly_Le-candelabre-du-temple_<la femme ambitieuse et frivole-839>_24573,"obéir aux dernières volontés de son père . Non ,"
Delly_Le-candelabre-du-temple_<la femme ambitieuse et frivole-839>_24602,"puissant , acceptât d' épouser la fille du comte Würmstein"
Delly_Le-candelabre-du-temple_<la femme ambitieuse et frivole-839>_24677,". . Et alors , elle , Myriam resterait libre"
Delly_Le-candelabre-du-temple_<la femme ambitieuse et frivole-839>_24679,"Et alors , elle , Myriam resterait libre . Tel"
Delly_Le-candelabre-du-temple_<la femme ambitieuse et frivole-839>_24689,"était l' espoir que conservait la jeune fille , et"
Delly_Le-candelabre-du-temple_<la femme ambitieuse et frivole-839>_24694,"la jeune fille , et dont , en ce moment"
Delly_Le-candelabre-du-temple_<la femme ambitieuse et frivole-839>_24701,"en ce moment même , elle demandait à Dieu de"
Delly_Le-candelabre-du-temple_<la femme ambitieuse et frivole-839>_24732,dalles . . . Vers Myriam s' avançait une sœur
Delly_Le-candelabre-du-temple_<la femme ambitieuse et frivole-839>_24747,"génuflexion , se pencha vers la jeune fille pour l'"
Delly_Le-candelabre-du-temple_<la femme ambitieuse et frivole-839>_24751,vers la jeune fille pour l' informer qu' on la
Delly_Le-candelabre-du-temple_<la femme ambitieuse et frivole-839>_24755,pour l' informer qu' on la demandait au parloir .
Delly_Le-candelabre-du-temple_<la femme ambitieuse et frivole-839>_24765,"Surprise et aussitôt inquiète , Myriam s' informa , quand"
Delly_Le-candelabre-du-temple_<la femme ambitieuse et frivole-839>_24770,"Myriam s' informa , quand elle fut hors de la"
Delly_Le-candelabre-du-temple_<la femme ambitieuse et frivole-839>_24784,"vous qui c' est , ma sœur ?– Je l'"
Delly_Le-candelabre-du-temple_<la femme ambitieuse et frivole-839>_24787,"est , ma sœur ?– Je l' ignore . Cette"
Delly_Le-candelabre-du-temple_<la femme ambitieuse et frivole-839>_24816,de me faire dire de vous prévenir . Une personne
Delly_Le-candelabre-du-temple_<la femme ambitieuse et frivole-839>_24826,âgée ? . . . Myriam songea aussitôt : «
Delly_Le-candelabre-du-temple_<la femme ambitieuse et frivole-839>_24839,Mme Sulzer ? » Et son cœur se serra d'
Delly_Le-candelabre-du-temple_<la femme ambitieuse et frivole-839>_24909,leva à l' entrée de Myriam . . . Mme
Delly_Le-candelabre-du-temple_<Mme Halner-2086>_57903,"poignée de son ombrelle . Mme Halner , en annonçant"
Delly_Le-candelabre-du-temple_<Mme Halner-2086>_57909,"Halner , en annonçant à sa tante l' arrivée de"
Delly_Le-candelabre-du-temple_<Mme Halner-2086>_57929,"sans que celle - ci l' en priât , toute"
Delly_Le-candelabre-du-temple_<Mme Halner-2086>_57997,ses fins . À quoi Mme Sulzer avait riposté en
Delly_Le-candelabre-du-temple_<Mme Halner-2086>_58018,"à oublier comme cela , tu peux m' en croire"
Delly_Le-candelabre-du-temple_<Mme Halner-2086>_58020,"comme cela , tu peux m' en croire ! ."
Delly_Le-candelabre-du-temple_<Mme Halner-2086>_58032,Et ce n' est pas moi qui lui souhaiterais pour
Delly_Le-candelabre-du-temple_<Mme Halner-2086>_58033,ce n' est pas moi qui lui souhaiterais pour femme
Delly_Le-candelabre-du-temple_<Mme Halner-2086>_58123,"dépit de ce qu' affirmait Mme Sulzer , s' il"
Delly_Le-candelabre-du-temple_<Mme Halner-2086>_58165,avec peine Myriam . Il lui échappa enfin et bondit
Delly_Le-candelabre-du-temple_<Mme Halner-2086>_58193,arrêté son cheval et se penchait pour caresser la superbe
Delly_Le-candelabre-du-temple_<Mme Halner-2086>_58210,"Puis il jeta autour de lui , vers le sous"
Delly_Le-candelabre-du-temple_<Mme Halner-2086>_58263,"Siegbert . – Vraiment , tu as vendu cette bête"
Delly_Le-candelabre-du-temple_<Mme Halner-2086>_58270,"vendu cette bête à laquelle tu tenais tant , et"
Delly_Le-candelabre-du-temple_<Mme Halner-2086>_58276,"tenais tant , et qui t' était si attachée ?–"
Delly_Le-candelabre-du-temple_<Mme Halner-2086>_58357,le tronc duquel se cachait Myriam . Les promeneurs s'
Delly_Le-candelabre-du-temple_<Mme Halner-2086>_58372,depuis un long moment que la jeune femme se trouvait
Delly_Le-candelabre-du-temple_<Mme Halner-2086>_58392,"profondément triste ! Enfin , elle reprit sa route ,"
Delly_Le-candelabre-du-temple_<Mme Halner-2086>_58394,"! Enfin , elle reprit sa route , d' un"
Delly_Le-candelabre-du-temple_<Mme Halner-2086>_58420,", dans sa chambre , elle achevait d' écrire le"
Delly_Le-candelabre-du-temple_<Mme Halner-2086>_58434,". Des larmes glissaient de ses yeux , et l'"
Delly_Le-candelabre-du-temple_<Mme Halner-2086>_58448,"sur le feuillet couvert de sa fine écriture , un"
Delly_Le-candelabre-du-temple_<Mme Halner-2086>_58482,pouvait plus chercher à revoir celle qu' on appelait Mme
Delly_Le-candelabre-du-temple_<Mme Halner-2086>_58492,de Hakenau . Mais comment lui faire parvenir cette lettre
Delly_Le-candelabre-du-temple_<Mme Halner-2086>_58539,plus sûr moyen serait que Mme Sulzer acceptât de l'
Delly_Le-candelabre-du-temple_<Mme Halner-2086>_58553,en mains propres . Mais elle était sortie pour faire
Delly_Le-candelabre-du-temple_<Mme Halner-2086>_58573,l' heure . . . Sa lettre à la main
Delly_Le-candelabre-du-temple_<Mme Halner-2086>_58579,"lettre à la main , Myriam descendit pour aller rejoindre"
Delly_Le-candelabre-du-temple_<Mme Halner-2086>_58590,"dans le jardin . Comme elle atteignait le vestibule ,"
Delly_Le-candelabre-du-temple_<Mme Halner-2086>_58611,"fond de l' enclos , Myriam se dirigea vers la"
Delly_Le-candelabre-du-temple_<Mme Halner-2086>_58619,vers la porte et l' ouvrit . Elle eut un
Delly_Le-candelabre-du-temple_<Mme Halner-2086>_58621,porte et l' ouvrit . Elle eut un léger sursaut
Delly_Le-candelabre-du-temple_<Mme Halner-2086>_58637,"recul , en voyant devant elle la jeune femme blonde"
Delly_Le-candelabre-du-temple_<Mme Halner-2086>_58643,la jeune femme blonde qu' elle avait deviné être la
Delly_Le-candelabre-du-temple_<Mme Halner-2086>_58669,que fût l' empire que son habitude du monde lui
Delly_Le-candelabre-du-temple_<Mme Halner-2086>_58673,que son habitude du monde lui permettait de conserver sur
Delly_Le-candelabre-du-temple_<Mme Halner-2086>_58678,"lui permettait de conserver sur elle - même , Carolia"
Delly_Le-candelabre-du-temple_<Mme Halner-2086>_58682,"sur elle - même , Carolia ne put , au"
Delly_Le-candelabre-du-temple_<Mme Halner-2086>_58701,"ravissante apparition . Ce fut Myriam qui , se remettant"
Delly_Le-candelabre-du-temple_<Mme Halner-2086>_58702,"apparition . Ce fut Myriam qui , se remettant la"
Delly_Le-candelabre-du-temple_<Mme Halner-2086>_58724,"moins que bienveillante – dont la considérait l' étrangère ,"
Delly_Le-candelabre-du-temple_<Mme Halner-2086>_58729,"la considérait l' étrangère , demanda avec une politesse froide"
Delly_Le-candelabre-du-temple_<Mme Halner-2086>_58737,"politesse froide :– Que désirez - vous , madame ?–"
Delly_Le-candelabre-du-temple_<Mme Halner-2086>_58740,"Que désirez - vous , madame ?– Mme Sulzer est"
Delly_Le-candelabre-du-temple_<Mme Halner-2086>_58750,- elle ici ? demanda la comtesse d' une voix
Delly_Le-candelabre-du-temple_<Mme Halner-2086>_58762,qui semblait passer difficilement entre ses lèvres blêmies . –
Delly_Le-candelabre-du-temple_<Mme Halner-2086>_58769,"blêmies . – Non , madame . . . mais"
Delly_Le-candelabre-du-temple_<Mme Halner-2086>_58783,pas à rentrer . Si vous voulez l' attendre ?–
Delly_Le-candelabre-du-temple_<Mme Halner-2086>_58792,"?– C' est inutile , je reviendrai . . ."
Delly_Le-candelabre-du-temple_<Mme Halner-2086>_58797,"je reviendrai . . . Son regard , à ce"
Delly_Le-candelabre-du-temple_<Mme Halner-2086>_58811,"Hamid qui se tenait derrière Myriam , en attachant des"
Delly_Le-candelabre-du-temple_<Mme Halner-2086>_58819,attachant des yeux défiants sur l' étrangère . – Mais
Delly_Le-candelabre-du-temple_<Mme Halner-2086>_58865,"était pas inutile , répondit Myriam dont la voix se"
Delly_Le-candelabre-du-temple_<Mme Halner-2086>_58866,"pas inutile , répondit Myriam dont la voix se troublait"
Delly_Le-candelabre-du-temple_<Mme Halner-2086>_58875,"troublait légèrement , tandis que son regard , gêné ,"
Delly_Le-candelabre-du-temple_<Mme Halner-2086>_58886,détournait des yeux inquisiteurs de Carolia . La comtesse laissa
Delly_Le-candelabre-du-temple_<Mme Halner-2086>_58888,yeux inquisiteurs de Carolia . La comtesse laissa échapper un
Delly_Le-candelabre-du-temple_<Mme Halner-2086>_58901,. – Quelle sollicitude pour cette excellente Sulzer ! Abandonner
Delly_Le-candelabre-du-temple_<Mme Halner-2086>_58948,"lui plaira , dit froidement Myriam . – Tiens ,"
Delly_Le-candelabre-du-temple_<Mme Halner-2086>_58973,", de lui ou de vous !– Je ne connais"
Delly_Le-candelabre-du-temple_<Mme Halner-2086>_58975,lui ou de vous !– Je ne connais pas les
Delly_Le-candelabre-du-temple_<Mme Halner-2086>_58990,"à ce sujet , répondit Myriam avec la même froideur"
Delly_Le-candelabre-du-temple_<Mme Halner-2086>_58999,"froideur . Une sourde impatience la saisissait , et maintenant"
Delly_Le-candelabre-du-temple_<Mme Halner-2086>_59004,"la saisissait , et maintenant elle regardait en face ,"
Delly_Le-candelabre-du-temple_<Mme Halner-2086>_59024,"curieuse et ironique , en qui , aussitôt , elle"
Delly_Le-candelabre-du-temple_<Mme Halner-2086>_59028,"en qui , aussitôt , elle pressentait une ennemie ."
Delly_Le-candelabre-du-temple_<Mme Halner-2086>_59037,. – Vraiment ? dit Carolia d' un ton railleur
Delly_Le-candelabre-du-temple_<Mme Halner-2086>_59045,"ton railleur . Cependant , vous devez le voir assez"
Delly_Le-candelabre-du-temple_<Mme Halner-2086>_59063,"il , le tuteur de votre sœur ? . ."
Delly_Le-candelabre-du-temple_<Mme Halner-2086>_59069,sœur ? . . . Je me souviens fort bien
Delly_Le-candelabre-du-temple_<Mme Halner-2086>_59083,quand le comte Siegbert et moi vous avons rencontrées jadis
Delly_Le-candelabre-du-temple_<Mme Halner-2086>_59084,le comte Siegbert et moi vous avons rencontrées jadis dans
Delly_Le-candelabre-du-temple_<Mme Halner-2086>_59097,"Hoendeck . Depuis lors , je n' avais plus entendu"
Delly_Le-candelabre-du-temple_<Mme Halner-2086>_59104,avais plus entendu parler de vous . Et je vous
Delly_Le-candelabre-du-temple_<Mme Halner-2086>_59107,parler de vous . Et je vous retrouve veuve maintenant
Delly_Le-candelabre-du-temple_<Mme Halner-2086>_59108,de vous . Et je vous retrouve veuve maintenant .
Delly_Le-candelabre-du-temple_<Mme Halner-2086>_59116,"maintenant . . . car vous êtes bien veuve ,"
Delly_Le-candelabre-du-temple_<Mme Halner-2086>_59134,"douloureux mensonge qui pesait sur elle , depuis deux ans"
Delly_Le-candelabre-du-temple_<Mme Halner-2086>_59142,deux ans ! Avant qu' elle revît Siegbert il lui
Delly_Le-candelabre-du-temple_<Mme Halner-2086>_59146,qu' elle revît Siegbert il lui était moins pénible .
Delly_Le-candelabre-du-temple_<Mme Halner-2086>_59156,Mais maintenant . . . Ses lèvres tremblantes se refusèrent
Delly_Le-candelabre-du-temple_<Mme Halner-2086>_59170,« oui » menteur et elle se contenta d' incliner
Delly_Le-candelabre-du-temple_<Mme Halner-2086>_59188,"rire moqueur s' éleva . Carolia , en se penchant"
Delly_Le-candelabre-du-temple_<Mme Halner-2086>_59198,", saisit la main de Myriam et la serra entre"
Delly_Le-candelabre-du-temple_<Mme Halner-2086>_59200,la main de Myriam et la serra entre ses doigts
Delly_Le-candelabre-du-temple_<Mme Halner-2086>_59201,"main de Myriam et la serra entre ses doigts ,"
Delly_Le-candelabre-du-temple_<Mme Halner-2086>_59203,"Myriam et la serra entre ses doigts , fort durs"
Delly_Le-candelabre-du-temple_<Mme Halner-2086>_59213,"en ce moment . – Chère madame de Hakenau ,"
Delly_Le-candelabre-du-temple_<Mme Halner-2086>_59218,"Chère madame de Hakenau , vous auriez bien dû vous"
Delly_Le-candelabre-du-temple_<Mme Halner-2086>_59230,le prince de Hornstedt pour vos petits mensonges ! Voyez
Delly_Le-candelabre-du-temple_<Mme Halner-2086>_59237,"mensonges ! Voyez donc , vous prétendez être veuve ,"
Delly_Le-candelabre-du-temple_<Mme Halner-2086>_59244,"être veuve , et lui nous a raconté que votre"
Delly_Le-candelabre-du-temple_<Mme Halner-2086>_59248,"lui nous a raconté que votre mari vivait , qu'"
Delly_Le-candelabre-du-temple_<Mme Halner-2086>_59254,"mari vivait , qu' après vous avoir abandonnée , il"
Delly_Le-candelabre-du-temple_<Mme Halner-2086>_59263,"il était revenu près de vous , pour toujours ,"
Delly_Le-candelabre-du-temple_<Mme Halner-2086>_59288,?– Il . . . vous a dit ? bégaya
Delly_Le-candelabre-du-temple_<Mme Halner-2086>_59293,"vous a dit ? bégaya Myriam , pâle de saisissement"
Delly_Le-candelabre-du-temple_<Mme Halner-2086>_59308,"Et là - dessus , j' ai laissé voir mon"
Delly_Le-candelabre-du-temple_<Mme Halner-2086>_59312,", j' ai laissé voir mon étonnement que vous ayez"
Delly_Le-candelabre-du-temple_<Mme Halner-2086>_59315,laissé voir mon étonnement que vous ayez trouvé à vous
Delly_Le-candelabre-du-temple_<Mme Halner-2086>_59329,", en vérité , que vous soyez tombée sur un"
Delly_Le-candelabre-du-temple_<Mme Halner-2086>_59346,jouissances que pouvait lui procurer votre fortune !Quelle joie mauvaise
Delly_Le-candelabre-du-temple_<Mme Halner-2086>_59351,votre fortune !Quelle joie mauvaise elle éprouvait à voir s'
Delly_Le-candelabre-du-temple_<Mme Halner-2086>_59400,"qui a raison , de vous ou de lui ?En"
Delly_Le-candelabre-du-temple_<Mme Halner-2086>_59414,"courageux effort , à reprendre sa présence d' esprit ,"
Delly_Le-candelabre-du-temple_<Mme Halner-2086>_59419,"sa présence d' esprit , Myriam répondit avec un fier"
Delly_Le-candelabre-du-temple_<Mme Halner-2086>_59431,la physionomie méchamment ironique de la comtesse :– Demandez -
Delly_Le-candelabre-du-temple_<Mme Halner-2086>_59442,"à lui - même , madame . Seul il peut"
Delly_Le-candelabre-du-temple_<Mme Halner-2086>_59447,madame . Seul il peut vous répondre s' il le
Delly_Le-candelabre-du-temple_<Mme Halner-2086>_59455,"il le juge bon . Moi , je n' en"
Delly_Le-candelabre-du-temple_<Mme Halner-2086>_59457,"juge bon . Moi , je n' en ai pas"
Delly_Le-candelabre-du-temple_<Mme Halner-2086>_59468,"droit . – Comment , vous n' avez pas le"
Delly_Le-candelabre-du-temple_<Mme Halner-2086>_59475,avez pas le droit de me dire si vous êtes
Delly_Le-candelabre-du-temple_<Mme Halner-2086>_59478,droit de me dire si vous êtes veuve ou non
Delly_Le-candelabre-du-temple_<Mme Halner-2086>_59523,! dans quelle inextricable situation la mettait ce Siegbert par
Delly_Le-candelabre-du-temple_<Mme Halner-2086>_59536,inexplicable idée d' apprendre à la comtesse de Sargen que
Delly_Le-candelabre-du-temple_<Mme Halner-2086>_59562,ne la quitterait plus !– Je ne puis que vous
Delly_Le-candelabre-du-temple_<Mme Halner-2086>_59566,"!– Je ne puis que vous répondre encore , madame"
Delly_Le-candelabre-du-temple_<Mme Halner-2086>_59570,"que vous répondre encore , madame , de le demander"
Delly_Le-candelabre-du-temple_<Mme Halner-2086>_59580,"au prince , puisqu' il vous a déjà si bien"
Delly_Le-candelabre-du-temple_<Mme Halner-2086>_59605,"à de nouvelles questions , Myriam inclina légèrement la tête"
Delly_Le-candelabre-du-temple_<Mme Halner-2086>_59611,inclina légèrement la tête et se dirigea rapidement vers l'
Delly_Le-candelabre-du-temple_<Mme Halner-2086>_59618,rapidement vers l' escalier . Carolia eut un rire sarcastique
Delly_Le-candelabre-du-temple_<Mme Halner-2086>_59627,sarcastique . – Ah ! vous vous en tirez par
Delly_Le-candelabre-du-temple_<Mme Halner-2086>_59636,"par la fuite ! Mais soyez sans crainte , je"
Delly_Le-candelabre-du-temple_<Mme Halner-2086>_59640,"Mais soyez sans crainte , je saurai . . ."
Delly_Le-candelabre-du-temple_<Mme Halner-2086>_59647,". . . Oui , je suis excessivement curieuse de"
Delly_Le-candelabre-du-temple_<Mme Halner-2086>_59661,"du prince Siegbert ou de vous !Et , tournant les"
Delly_Le-candelabre-du-temple_<Mme Halner-2086>_59668,", tournant les talons , elle s' éloigna dans un"
Delly_Le-candelabre-du-temple_<Mme Halner-2086>_59680,frou de soie . Quand Myriam fut arrivée dans sa
Delly_Le-candelabre-du-temple_<Mme Halner-2086>_59684,"Quand Myriam fut arrivée dans sa chambre , elle se"
Delly_Le-candelabre-du-temple_<Mme Halner-2086>_59687,"arrivée dans sa chambre , elle se laissa glisser à"
Delly_Le-candelabre-du-temple_<Mme Halner-2086>_59694,"laissa glisser à genoux devant son crucifix , et ,"
Delly_Le-candelabre-du-temple_<Mme Halner-2086>_59701,", et , longtemps , elle pria et pleura ,"
Delly_Le-candelabre-du-temple_<Mme Halner-2086>_59704,"longtemps , elle pria et pleura , confiant à Dieu"
Delly_Le-candelabre-du-temple_<Mme Halner-2086>_59710,", confiant à Dieu , son seul consolateur , toute"
Delly_Le-candelabre-du-temple_<Mme Halner-2086>_59718,", toute l' amertume de son cœur douloureux . Vers"
Delly_Le-candelabre-du-temple_<Mme Halner-2086>_59735,", ce même jour , Mme Sulzer quittait son logis"
Delly_Le-candelabre-du-temple_<Mme Halner-2086>_59738,"jour , Mme Sulzer quittait son logis et prenait le"
Delly_Le-candelabre-du-temple_<Mme Halner-2086>_59741,Sulzer quittait son logis et prenait le chemin du château
Delly_Le-candelabre-du-temple_<Mme Halner-2086>_59747,le chemin du château . Elle allait porter à son
Delly_Le-candelabre-du-temple_<Mme Halner-2086>_59751,. Elle allait porter à son maître la lettre de
Delly_Le-candelabre-du-temple_<Mme Halner-2086>_59756,son maître la lettre de Myriam – fort à contrecœur
Delly_Le-candelabre-du-temple_<Mme Halner-2086>_59768,faut l' avouer . Mais elle n' avait osé refuser
Delly_Le-candelabre-du-temple_<Mme Halner-2086>_59776,"osé refuser ce service à la jeune femme , dont"
Delly_Le-candelabre-du-temple_<Mme Halner-2086>_59780,"à la jeune femme , dont la mine défaite l'"
Delly_Le-candelabre-du-temple_<Mme Halner-2086>_59784,", dont la mine défaite l' avait quelque peu impressionnée"
Delly_Le-candelabre-du-temple_<Mme Halner-2086>_59795,Qu' est - ce qu' elle pouvait bien lui écrire
Delly_Le-candelabre-du-temple_<Mme Halner-2086>_59798,"ce qu' elle pouvait bien lui écrire , cette Myriam"
Delly_Le-candelabre-du-temple_<Mme Halner-2086>_59801,"pouvait bien lui écrire , cette Myriam ? Depuis l'"
Delly_Le-candelabre-du-temple_<Mme Halner-2086>_59809,Depuis l' autre jour qu' il l' avait vue dans
Delly_Le-candelabre-du-temple_<Mme Halner-2086>_59810,l' autre jour qu' il l' avait vue dans la
Delly_Le-candelabre-du-temple_<Mme Halner-2086>_59817,"vue dans la roseraie , il n' avait pas reparu"
Delly_Le-candelabre-du-temple_<Mme Halner-2086>_59824,avait pas reparu . Trouvait - elle le temps long
Delly_Le-candelabre-du-temple_<Mme Halner-2086>_59830,"elle le temps long sans lui , et lui demandait"
Delly_Le-candelabre-du-temple_<Mme Halner-2086>_59833,"long sans lui , et lui demandait - elle de"
Delly_Le-candelabre-du-temple_<Mme Halner-2086>_59835,"lui , et lui demandait - elle de venir ?Mais"
Delly_Le-candelabre-du-temple_<Mme Halner-2086>_59844,"?Mais en ce cas , elle n' aurait pas eu"
Delly_Le-candelabre-du-temple_<Mme Halner-2086>_59859,". . car enfin , elle devait bien se douter"
Delly_Le-candelabre-du-temple_<Mme Halner-2086>_59874,pas « non » à son appel . . .
Delly_Le-candelabre-du-temple_<Mme Halner-2086>_59889,soupir gonfla la poitrine de Mme Sulzer . Comment tout
Delly_Le-candelabre-du-temple_<Mme Halner-2086>_59917,"l' enchantement , pour fuir la jeune femme dont le"
Delly_Le-candelabre-du-temple_<Mme Halner-2086>_59920,pour fuir la jeune femme dont le charme l' attirait
Delly_Le-candelabre-du-temple_<Mme Halner-2086>_59935,"qu' un peu après , l' ancienne femme de charge"
Delly_Le-candelabre-du-temple_<Mme Halner-2086>_59952,retour du laquais chargé par elle de demander audience à
Delly_Le-candelabre-du-temple_<Mme Halner-2086>_59957,"elle de demander audience à son maître , la comtesse"
Delly_Le-candelabre-du-temple_<Mme Halner-2086>_59988,. Carolia s' approcha de Mme Sulzer et dit gracieusement
Delly_Le-candelabre-du-temple_<Mme Halner-2086>_59991,"approcha de Mme Sulzer et dit gracieusement :– Bonjour ,"
Delly_Le-candelabre-du-temple_<Mme Halner-2086>_59996,"dit gracieusement :– Bonjour , ma bonne Sulzer . ."
Delly_Le-candelabre-du-temple_<Mme Halner-2086>_60002,bonne Sulzer . . . J' ai été ce matin
Delly_Le-candelabre-du-temple_<Mme Halner-2086>_60007,J' ai été ce matin vous faire une petite visite
Delly_Le-candelabre-du-temple_<Mme Halner-2086>_60014,une petite visite . Mais vous n' y étiez justement
Delly_Le-candelabre-du-temple_<Mme Halner-2086>_60031,"madame la comtesse , on m' a dit , en"
Delly_Le-candelabre-du-temple_<Mme Halner-2086>_60040,en effet . . . Je regrette beaucoup . .
Delly_Le-candelabre-du-temple_<Mme Halner-2086>_60047,beaucoup . . . et je vous suis très reconnaissante
Delly_Le-candelabre-du-temple_<Mme Halner-2086>_60059,". – Si je ne vous ai pas trouvée ,"
Delly_Le-candelabre-du-temple_<Mme Halner-2086>_60095,"Elle est restée veuve , m' a - t -"
Delly_Le-candelabre-du-temple_<Mme Halner-2086>_60116,"répondit sèchement :– Oui , madame . – Vraiment !"
Delly_Le-candelabre-du-temple_<Mme Halner-2086>_60164,"grand chagrin pour elle ?– Je le suppose , madame"
Delly_Le-candelabre-du-temple_<Mme Halner-2086>_60181,"le valet , venant informer Mme Sulzer que le prince"
Delly_Le-candelabre-du-temple_<Mme Halner-2086>_60186,Mme Sulzer que le prince l' attendait . La vieille
Delly_Le-candelabre-du-temple_<Mme Halner-2086>_60189,le prince l' attendait . La vieille dame salua Carolia
Delly_Le-candelabre-du-temple_<Mme Halner-2086>_60195,"vieille dame salua Carolia et suivit son introducteur , tout"
Delly_Le-candelabre-du-temple_<Mme Halner-2086>_60196,"dame salua Carolia et suivit son introducteur , tout en"
Delly_Le-candelabre-du-temple_<Mme Halner-2086>_60207,avec un certain contentement :« Elle voudrait me faire parler
Delly_Le-candelabre-du-temple_<Mme Halner-2086>_60209,"certain contentement :« Elle voudrait me faire parler , cette"
Delly_Le-candelabre-du-temple_<Mme Halner-2086>_60213,"voudrait me faire parler , cette belle comtesse . Mais"
Delly_Le-candelabre-du-temple_<Mme Halner-2086>_60226,encore de plus fortes qu' elle pour m' ouvrir la
Delly_Le-candelabre-du-temple_<Mme Halner-2086>_60228,"plus fortes qu' elle pour m' ouvrir la bouche ,"
Delly_Le-candelabre-du-temple_<Mme Halner-2086>_60234,"ouvrir la bouche , quand mon maître m' a ordonné"
Delly_Le-candelabre-du-temple_<Mme Halner-2086>_60236,"bouche , quand mon maître m' a ordonné de la"
Delly_Le-candelabre-du-temple_<Mme Halner-2086>_60278,en prenant la lettre que Mme Sulzer lui présentait après
Delly_Le-candelabre-du-temple_<Mme Halner-2086>_60285,lui présentait après avoir exécuté sa plus profonde révérence .
Delly_Le-candelabre-du-temple_<Mme Halner-2086>_60299,"geste bienveillant :– Merci , Sulzer . . . Et"
Delly_Le-candelabre-du-temple_<Mme Halner-2086>_60361,endroit où une larme de Myriam formait une petite tache
Delly_Le-candelabre-du-temple_<Mme Halner-2086>_60368,"une petite tache . « Pauvre bien - aimée ,"
Delly_Le-candelabre-du-temple_<Mme Halner-2086>_60375,"- aimée , comme je vous fais souffrir par mes"
Delly_Le-candelabre-du-temple_<Mme Halner-2086>_60404,"est fini , maintenant , vous avez vaincu ! »Il"
Delly_Le-candelabre-du-temple_<Mlle Rachel-2204>_60679,il n' y a que Mlle Rachel . – Voyons
Delly_Le-candelabre-du-temple_<Mlle Rachel-2204>_60687,"– Voyons , que je lui parle . . ."
Delly_Le-candelabre-du-temple_<Mlle Rachel-2204>_60705,"entra dans le parloir où Rachel , rendue fort lasse"
Delly_Le-candelabre-du-temple_<Mlle Rachel-2204>_60717,"température , se reposait sur sa chaise longue . –"
Delly_Le-candelabre-du-temple_<Mlle Rachel-2204>_60729,ma chère enfant . Pourriez - vous me dire où
Delly_Le-candelabre-du-temple_<Mlle Rachel-2204>_60735,vous me dire où est votre sœur ?– Elle est
Delly_Le-candelabre-du-temple_<Mlle Rachel-2204>_60752,". Depuis ce matin , elle était toute pâle ,"
Delly_Le-candelabre-du-temple_<Mlle Rachel-2204>_60761,", toute nerveuse , et elle m' a dit :"
Delly_Le-candelabre-du-temple_<Mlle Rachel-2204>_60767,m' a dit : « Je vais monter aux ruines
Delly_Le-candelabre-du-temple_<Mlle Rachel-2204>_60774,"monter aux ruines , car j' ai besoin de marcher"
Delly_Le-candelabre-du-temple_<Mlle Rachel-2204>_60807,. . Je cours vite la chercher ! À bientôt
Delly_Le-candelabre-du-temple_<Mlle Rachel-2204>_60813,"chercher ! À bientôt , Rachel . Mais la main"
Delly_Le-candelabre-du-temple_<Mlle Rachel-2204>_60819,. Mais la main de la fillette le retint et
Delly_Le-candelabre-du-temple_<Mlle Rachel-2204>_60833,"levèrent sur lui . – Elle avait pleuré , ma"
Delly_Le-candelabre-du-temple_<Mlle Rachel-2204>_60850,", ne pourriez - vous l' empêcher de pleurer ?Siegbert"
Delly_Le-candelabre-du-temple_<Mlle Rachel-2204>_60880,"Oui , ma chérie , elle ne pleurera plus par"
Delly_Le-candelabre-du-temple_<Mlle Rachel-2204>_60889,"par ma faute , je vous le promets ! À"
Delly_Le-candelabre-du-temple_<Mlle Rachel-2204>_60899,"tout à l' heure , petite sœur . Et souriant"
Delly_Le-candelabre-du-temple_<Mlle Rachel-2204>_60987,", à la pensée que Myriam pouvait se trouver exposée"
Delly_Le-candelabre-du-temple_<Mlle Rachel-2204>_61043,"ancienne salle des Seigneurs . Myriam s' y trouvait ,"
Delly_Le-candelabre-du-temple_<Mlle Rachel-2204>_61050,"y trouvait , enveloppée dans sa grande mante noire ,"
Delly_Le-candelabre-du-temple_<Mlle Rachel-2204>_61091,", Siegbert fut près de la jeune femme . Elle"
Delly_Le-candelabre-du-temple_<Mlle Rachel-2204>_61095,de la jeune femme . Elle eut une exclamation étouffée
Delly_Le-candelabre-du-temple_<Mlle Rachel-2204>_61128,"ici par ce temps ! Myriam , voulez - vous"
Delly_Le-candelabre-du-temple_<Mlle Rachel-2204>_61131,"temps ! Myriam , voulez - vous donc me faire"
Delly_Le-candelabre-du-temple_<Mlle Rachel-2204>_61140,faire mourir d' inquiétude ?Il lui prenait les mains et
Delly_Le-candelabre-du-temple_<Mlle Rachel-2204>_61145,"lui prenait les mains et l' attirait vers lui ,"
Delly_Le-candelabre-du-temple_<Mlle Rachel-2204>_61174,"essayaient de se détourner . Myriam balbutia , sans trop"
Delly_Le-candelabre-du-temple_<Mlle Rachel-2204>_61182,sans trop savoir ne qu' elle disait :– Il n'
Delly_Le-candelabre-du-temple_<Mlle Rachel-2204>_61195,à craindre . . . Je suis à l' abri
Delly_Le-candelabre-du-temple_<Mlle Rachel-2204>_61201,suis à l' abri . J' espère que . .
Delly_Le-candelabre-du-temple_<Mlle Rachel-2204>_61215,vous êtes pas dérangé pour moi ?– Et pour qui
Delly_Le-candelabre-du-temple_<Mlle Rachel-2204>_61231,si ce n' est pour celle que j' aime plus
Delly_Le-candelabre-du-temple_<Mlle Rachel-2204>_61232,ce n' est pour celle que j' aime plus que
Delly_Le-candelabre-du-temple_<Mlle Rachel-2204>_61242,"ma vie ? Je viens vous chercher , Myriam ,"
Delly_Le-candelabre-du-temple_<Mlle Rachel-2204>_61245,"Je viens vous chercher , Myriam , et je vous"
Delly_Le-candelabre-du-temple_<Mlle Rachel-2204>_61249,", Myriam , et je vous emmènerai dans mon vieil"
Delly_Le-candelabre-du-temple_<Mlle Rachel-2204>_61273,ne peux plus vivre . Elle eut un brusque mouvement
Delly_Le-candelabre-du-temple_<Mlle Rachel-2204>_61284,se dégager des mains qui la retenaient . – Mais
Delly_Le-candelabre-du-temple_<Mlle Rachel-2204>_61298,c' est impossible ! dit - elle d' une voix
Delly_Le-candelabre-du-temple_<Mlle Rachel-2204>_61331,se trouvait mon devoir . Elle répliqua d' un ton
Delly_Le-candelabre-du-temple_<Mlle Rachel-2204>_61339,un ton véhément :– Jamais je n' accepterai d' être
Delly_Le-candelabre-du-temple_<Mlle Rachel-2204>_61378,". . et loin de moi , vous pouvez essayer"
Delly_Le-candelabre-du-temple_<Mlle Rachel-2204>_61386,pouvez essayer d' oublier que j' existe . – L'
Delly_Le-candelabre-du-temple_<Mlle Rachel-2204>_61480,ne pourrez oublier de qui je suis la petite -
Delly_Le-candelabre-du-temple_<Mlle Rachel-2204>_61482,oublier de qui je suis la petite - fille .
Delly_Le-candelabre-du-temple_<Mlle Rachel-2204>_61489,"- fille . Autrefois , j' ai été pour vous"
Delly_Le-candelabre-du-temple_<Mlle Rachel-2204>_61510,de ce jour où vous m' avez jetée dehors .
Delly_Le-candelabre-du-temple_<Mlle Rachel-2204>_61519,". . . Tenez , je porte toujours la marque"
Delly_Le-candelabre-du-temple_<Mlle Rachel-2204>_61528,"marque de la blessure que je me fis , en"
Delly_Le-candelabre-du-temple_<Mlle Rachel-2204>_61548,"ce jour - là , je suis toujours la fille"
Delly_Le-candelabre-du-temple_<Mlle Rachel-2204>_61551,"là , je suis toujours la fille du comte Würmstein"
Delly_Le-candelabre-du-temple_<Mlle Rachel-2204>_61561,et de Salomé Onhacz . Je suis la femme qu'
Delly_Le-candelabre-du-temple_<Mlle Rachel-2204>_61563,Salomé Onhacz . Je suis la femme qu' on vous
Delly_Le-candelabre-du-temple_<Mlle Rachel-2204>_61565,. Je suis la femme qu' on vous a imposée
Delly_Le-candelabre-du-temple_<Mlle Rachel-2204>_61588,!Il portait les mains de la jeune femme à ses
Delly_Le-candelabre-du-temple_<Mlle Rachel-2204>_61603,". – Quoi , je vous ai blessée , Myriam"
Delly_Le-candelabre-du-temple_<Mlle Rachel-2204>_61607,"je vous ai blessée , Myriam ? Fou , misérable"
Delly_Le-candelabre-du-temple_<Mlle Rachel-2204>_61624,. Et ce souvenir doit vous faire hésiter à suivre
Delly_Le-candelabre-du-temple_<Mlle Rachel-2204>_61632,à suivre l' homme dont vous avez éprouvé ainsi la
Delly_Le-candelabre-du-temple_<Mlle Rachel-2204>_61660,"ma bien - aimée , quelle femme heureuse je souhaite"
Delly_Le-candelabre-du-temple_<Mlle Rachel-2204>_61667,heureuse je souhaite faire de vous !Myriam frissonnait d' une
Delly_Le-candelabre-du-temple_<Mlle Rachel-2204>_61681,regard d' ardente prière . Elle dit d' un ton
Delly_Le-candelabre-du-temple_<Mlle Rachel-2204>_61690,ton bas et tremblant :– Je crois à votre sincérité
Delly_Le-candelabre-du-temple_<Mlle Rachel-2204>_61698,votre sincérité . . . je sens bien que vous
Delly_Le-candelabre-du-temple_<Mlle Rachel-2204>_61703,je sens bien que vous m' aimez vraiment . Mais
Delly_Le-candelabre-du-temple_<Mlle Rachel-2204>_61709,aimez vraiment . Mais si j' accédais à votre demande
Delly_Le-candelabre-du-temple_<Mlle Rachel-2204>_61712,"Mais si j' accédais à votre demande , bientôt ,"
Delly_Le-candelabre-du-temple_<Mlle Rachel-2204>_61717,"votre demande , bientôt , vous regretteriez . . ."
Delly_Le-candelabre-du-temple_<Mlle Rachel-2204>_61725,". . Oui , quand vous verriez votre brillante carrière"
Delly_Le-candelabre-du-temple_<Mlle Rachel-2204>_61727,"Oui , quand vous verriez votre brillante carrière de diplomate"
Delly_Le-candelabre-du-temple_<Mlle Rachel-2204>_61744,"à cause de moi , vous finiriez par vous dire"
Delly_Le-candelabre-du-temple_<Mlle Rachel-2204>_61765,qui me portait à enlever cette jeune femme d' une
Delly_Le-candelabre-du-temple_<Mlle Rachel-2204>_61774,une position fausse . » Vous souffririez . . .
Delly_Le-candelabre-du-temple_<Mlle Rachel-2204>_61779,Vous souffririez . . . je le verrais et je
Delly_Le-candelabre-du-temple_<Mlle Rachel-2204>_61783,. je le verrais et je . . . oui
Delly_Le-candelabre-du-temple_<Mlle Rachel-2204>_61789,". . . oui , je ne pourrais pas le"
Delly_Le-candelabre-du-temple_<Mlle Rachel-2204>_61799,supporter ! acheva - t - elle avec un long
Delly_Le-candelabre-du-temple_<Mlle Rachel-2204>_61816,"ferme et doux , Siegbert l' attira contre lui en"
Delly_Le-candelabre-du-temple_<Mlle Rachel-2204>_61821,l' attira contre lui en l' entourant de ses bras
Delly_Le-candelabre-du-temple_<Mlle Rachel-2204>_61839,", ma chérie . Pour vous , je renonce à"
Delly_Le-candelabre-du-temple_<Mlle Rachel-2204>_61849,"tout , sans regret . Vous suffirez à remplir ma"
Delly_Le-candelabre-du-temple_<Mlle Rachel-2204>_61856,"à remplir ma vie , vous m' êtes infiniment plus"
Delly_Le-candelabre-du-temple_<Mlle Rachel-2204>_61872,Dites - moi vite que vous avez confiance en mon
Delly_Le-candelabre-du-temple_<Mlle Rachel-2204>_61880,"en mon amour , que vous allez me suivre pour"
Delly_Le-candelabre-du-temple_<Mlle Rachel-2204>_61892,mon toit la place qui vous est due ? Myriam
Delly_Le-candelabre-du-temple_<Mlle Rachel-2204>_61896,"qui vous est due ? Myriam , je vous en"
Delly_Le-candelabre-du-temple_<Mlle Rachel-2204>_61909,":– Non , non , je ne peux pas ."
Delly_Le-candelabre-du-temple_<Mlle Rachel-2204>_61916,peux pas . . . je ne dois pas .
Delly_Le-candelabre-du-temple_<Mlle Rachel-2204>_61923,dois pas . . . Elle essayait de lutter encore
Delly_Le-candelabre-du-temple_<Mlle Rachel-2204>_61929,essayait de lutter encore et détournait son regard plein d'
Delly_Le-candelabre-du-temple_<Mlle Rachel-2204>_61930,de lutter encore et détournait son regard plein d' angoisse
Delly_Le-candelabre-du-temple_<Mlle Rachel-2204>_61940,des yeux trop éloquents qui l' imploraient passionnément . –
Delly_Le-candelabre-du-temple_<Mlle Rachel-2204>_61952,"- je donc dire pour vous convaincre ? Myriam ,"
Delly_Le-candelabre-du-temple_<Mlle Rachel-2204>_61955,"dire pour vous convaincre ? Myriam , je vous ai"
Delly_Le-candelabre-du-temple_<Mlle Rachel-2204>_61958,"convaincre ? Myriam , je vous ai aimée dès la"
Delly_Le-candelabre-du-temple_<Mlle Rachel-2204>_61967,la première fois où je vous ai vue chez les
Delly_Le-candelabre-du-temple_<Mlle Rachel-2204>_61979,"Ce jour - là , votre âme délicate , vos"
Delly_Le-candelabre-du-temple_<Mlle Rachel-2204>_61983,", votre âme délicate , vos idéales vertus m' ont"
Delly_Le-candelabre-du-temple_<Mlle Rachel-2204>_61994,"à jamais , autant que votre beauté . . ."
Delly_Le-candelabre-du-temple_<Mlle Rachel-2204>_62002,". . C' est pour vous , pour vous seule"
Delly_Le-candelabre-du-temple_<Mlle Rachel-2204>_62005,"est pour vous , pour vous seule que je suis"
Delly_Le-candelabre-du-temple_<Mlle Rachel-2204>_62013,je suis revenu . Allez - vous me repousser maintenant
Delly_Le-candelabre-du-temple_<Mlle Rachel-2204>_62035,"- le - moi , vous qui êtes , qui"
Delly_Le-candelabre-du-temple_<Mlle Rachel-2204>_62036,"le - moi , vous qui êtes , qui serez"
Delly_Le-candelabre-du-temple_<Mlle Rachel-2204>_62039,", vous qui êtes , qui serez toujours mon unique"
Delly_Le-candelabre-du-temple_<Mlle Rachel-2204>_62046,toujours mon unique amour ?– Je voudrais tant vous croire
Delly_Le-candelabre-du-temple_<Mlle Rachel-2204>_62053,tant vous croire ! Mais j' ai peur . .
Delly_Le-candelabre-du-temple_<Mlle Rachel-2204>_62059,ai peur . . . Elle s' interrompit avec un
Delly_Le-candelabre-du-temple_<Mlle Rachel-2204>_62095,"se montrait le visage de Carolia , blême et crispé"
Delly_Le-candelabre-du-temple_<Mlle Rachel-2204>_62118,un rictus mauvais . – Elle ! dit Siegbert entre
Delly_Le-candelabre-du-temple_<Mlle Rachel-2204>_62128,ses dents . Eh ! elle nous espionnait ! Tant
Delly_Le-candelabre-du-temple_<Mlle Rachel-2204>_62139,!Serrant plus fort contre lui Myriam qui avait eu un
Delly_Le-candelabre-du-temple_<Mlle Rachel-2204>_62140,plus fort contre lui Myriam qui avait eu un instinctif
Delly_Le-candelabre-du-temple_<Mlle Rachel-2204>_62166,"tempête :– Approchez donc , madame , vous serez ici"
Delly_Le-candelabre-du-temple_<Mlle Rachel-2204>_62168,"Approchez donc , madame , vous serez ici un peu"
Delly_Le-candelabre-du-temple_<Mlle Rachel-2204>_62186,"j' aurai le plaisir de vous présenter ma femme ,"
Delly_Le-candelabre-du-temple_<Mlle Rachel-2204>_62200,Hornstedt . La main de Carolia s' agrippa au mur
Delly_Le-candelabre-du-temple_<Mlle Rachel-2204>_62208,"au mur , comme si la jeune femme se retenait"
Delly_Le-candelabre-du-temple_<Mlle Rachel-2204>_62219,ne pas chanceler . – Votre femme ?– Mais oui
Delly_Le-candelabre-du-temple_<Mlle Rachel-2204>_62227,"Mais oui , parfaitement . Vous pourrez vous renseigner à"
Delly_Le-candelabre-du-temple_<Mlle Rachel-2204>_62302,entre les lèvres blêmies de Carolia . Le prince riposta
Delly_Le-candelabre-du-temple_<Mlle Rachel-2204>_62314,"ton hautain :– Non , madame . Cette union m'"
Delly_Le-candelabre-du-temple_<Mlle Rachel-2204>_62351,Mais quand j' ai connu celle qui était ma femme
Delly_Le-candelabre-du-temple_<Mlle Rachel-2204>_62352,"quand j' ai connu celle qui était ma femme ,"
Delly_Le-candelabre-du-temple_<Mlle Rachel-2204>_62371,"désiré . – Oui , elle vous a fait oublier"
Delly_Le-candelabre-du-temple_<Mlle Rachel-2204>_62372,". – Oui , elle vous a fait oublier les"
Delly_Le-candelabre-du-temple_<Mlle Rachel-2204>_62394,"et la voix mauvaise de Carolia , firent tressaillir Myriam"
Delly_Le-candelabre-du-temple_<Mlle Rachel-2204>_62398,"de Carolia , firent tressaillir Myriam . Elle murmura désespérément"
Delly_Le-candelabre-du-temple_<Mlle Rachel-2204>_62400,", firent tressaillir Myriam . Elle murmura désespérément :– Vous"
Delly_Le-candelabre-du-temple_<Mlle Rachel-2204>_62404,. Elle murmura désespérément :– Vous voyez ! Vous voyez
Delly_Le-candelabre-du-temple_<Mlle Rachel-2204>_62407,désespérément :– Vous voyez ! Vous voyez !Siegbert dit tendrement
Delly_Le-candelabre-du-temple_<Mlle Rachel-2204>_62426,"Myriam , les paroles de cette femme ne peuvent me"
Delly_Le-candelabre-du-temple_<Mlle Rachel-2204>_62503,"sur les murs antiques . Carolia , incapable de résister"
Delly_Le-candelabre-du-temple_<Mlle Rachel-2204>_62518,", s' était accroupie et se tenait comme elle pouvait"
Delly_Le-candelabre-du-temple_<Mlle Rachel-2204>_62521,accroupie et se tenait comme elle pouvait à la muraille
Delly_Le-candelabre-du-temple_<Mlle Rachel-2204>_62585,"s' arrêta aux pieds de Myriam . Carolia , jetant"
Delly_Le-candelabre-du-temple_<Mlle Rachel-2204>_62587,"aux pieds de Myriam . Carolia , jetant un cri"
Delly_Le-candelabre-du-temple_<Mlle Rachel-2204>_62611,"rafales qui s' acharnaient sur elle . Myriam , tremblante"
Delly_Le-candelabre-du-temple_<Mlle Rachel-2204>_62613,"s' acharnaient sur elle . Myriam , tremblante , se"
Delly_Le-candelabre-du-temple_<Mlle Rachel-2204>_62701,minute à l' autre . Vous allez vous appuyer sur
Delly_Le-candelabre-du-temple_<Mlle Rachel-2204>_62720,gagner Hoendeck . . . Vous n' aurez pas trop
Delly_Le-candelabre-du-temple_<Mlle Rachel-2204>_62803,"accent de prière frémissante :– Vous venez , Myriam ?"
Delly_Le-candelabre-du-temple_<Mlle Rachel-2204>_62811,Myriam ? . . . Vous venez à Hoendeck ?
Delly_Le-candelabre-du-temple_<Mlle Rachel-2204>_62846,une poignante hésitation . – Vous le voulez ? Vous
Delly_Le-candelabre-du-temple_<Mlle Rachel-2204>_62850,– Vous le voulez ? Vous ne regretterez rien ?–
Delly_Le-candelabre-du-temple_<Mlle Rachel-2204>_62861,", jamais , jamais ! Vous seule me suffirez ,"
Delly_Le-candelabre-du-temple_<Mlle Rachel-2204>_62866,"Vous seule me suffirez , Myriam , mon incomparable trésor"
Delly_Le-candelabre-du-temple_<Mlle Rachel-2204>_62879,"cas , j' irai avec vous , où vous voudrez"
Delly_Le-candelabre-du-temple_<Mlle Rachel-2204>_62882,"irai avec vous , où vous voudrez . . ."
Delly_Le-candelabre-du-temple_<Mlle Rachel-2204>_62925,. Ce n' est pas moi qui voudrais être cause
Delly_Le-candelabre-du-temple_<Mlle Rachel-2204>_62926,Ce n' est pas moi qui voudrais être cause d'
Delly_Le-candelabre-du-temple_<Mlle Rachel-2204>_62953,", dilatèrent le cœur de Myriam , déjà palpitant de"
Delly_Le-candelabre-du-temple_<Mlle Rachel-2204>_62961,palpitant de bonheur . Dans son regard Siegbert put lire
Delly_Le-candelabre-du-temple_<Mlle Rachel-2204>_63088,", à la vue de cette jeune femme , si"
Delly_Le-candelabre-du-temple_<Mlle Rachel-2204>_63098,"belle et si pâle , qui s' appuyait au bras"
Delly_Le-candelabre-du-temple_<Mlle Rachel-2204>_63104,s' appuyait au bras de son maître . – Préviens
Delly_Le-candelabre-du-temple_<Mlle Rachel-2204>_63109,son maître . – Préviens Martha Halner qu' elle vienne
Delly_Le-candelabre-du-temple_<Mlle Rachel-2204>_63112,– Préviens Martha Halner qu' elle vienne me parler à
Delly_Le-candelabre-du-temple_<Mlle Rachel-2204>_63157,"l' office , Siegbert conduisit Myriam au premier étage ,"
Delly_Le-candelabre-du-temple_<Mlle Rachel-2204>_63267,température . Siegbert fit asseoir la jeune femme près de
Delly_Le-candelabre-du-temple_<Mlle Rachel-2204>_63276,"de la cheminée , après l' avoir débarrassée de son"
Delly_Le-candelabre-du-temple_<Mlle Rachel-2204>_63280,après l' avoir débarrassée de son manteau . La chevelure
Delly_Le-candelabre-du-temple_<Mlle Rachel-2204>_63302,partie sur les épaules de Myriam . Comme celle -
Delly_Le-candelabre-du-temple_<Mlle Rachel-2204>_63305,épaules de Myriam . Comme celle - ci faisait le
Delly_Le-candelabre-du-temple_<Mlle Rachel-2204>_63312,"ci faisait le geste de la relever , Siegbert intervint"
Delly_Le-candelabre-du-temple_<Mlle Rachel-2204>_63322,"avec vivacité :– Non , je vous en prie !"
Delly_Le-candelabre-du-temple_<Mlle Rachel-2204>_63336,"à l' heure , je vous mènerai à votre appartement"
Delly_Le-candelabre-du-temple_<Mlle Rachel-2204>_63339,", je vous mènerai à votre appartement , et vous"
Delly_Le-candelabre-du-temple_<Mlle Rachel-2204>_63343,"à votre appartement , et vous pourrez vous recoiffer à"
Delly_Le-candelabre-du-temple_<Mlle Rachel-2204>_63390,jusqu' à la taille de la jeune femme . –
Delly_Le-candelabre-du-temple_<Mlle Rachel-2204>_63399,"– Siegbert , que faites - vous ? dit Myriam"
Delly_Le-candelabre-du-temple_<Mlle Rachel-2204>_63403,faites - vous ? dit Myriam avec confusion . Mme
Delly_Le-candelabre-du-temple_<Mlle Rachel-2204>_63449,considérant avec une amoureuse complaisance la jeune femme rougissante et
Delly_Le-candelabre-du-temple_<Mlle Rachel-2204>_63457,"rougissante et profondément émue , cette délicieuse Myriam au cœur"
Delly_Le-candelabre-du-temple_<Mlle Rachel-2204>_63471,l' âme candide et forte qui serait la compagne idéale
Delly_Le-candelabre-du-temple_<Mlle Rachel-2204>_63473,candide et forte qui serait la compagne idéale et pour
Delly_Le-candelabre-du-temple_<Mlle Rachel-2204>_63478,la compagne idéale et pour laquelle il se sentait prêt
Delly_Le-candelabre-du-temple_<Mlle Rachel-2204>_63492,". S' asseyant près d' elle , il prit ses"
Delly_Le-candelabre-du-temple_<Mlle Rachel-2204>_63503,froides et frissonnantes . – Vous allez boire quelques tasses
Delly_Le-candelabre-du-temple_<Mlle Rachel-2204>_63525,"meilleure mine , maintenant . Vous avez maigri et pâli"
Delly_Le-candelabre-du-temple_<Mlle Rachel-2204>_63550,ma faute . Mais je vous aimerai tant que j'
Delly_Le-candelabre-du-temple_<Mlle Rachel-2204>_63558,que j' espère arriver à vous faire oublier mes torts
Delly_Le-candelabre-du-temple_<Mlle Rachel-2204>_63567,torts . – Oh ! j' ai tout oublié !Le
Delly_Le-candelabre-du-temple_<Mlle Rachel-2204>_63619,montrée tout à l' heure Myriam . – Cela aussi
Delly_Le-candelabre-du-temple_<Mlle Rachel-2204>_63643,. Et . . . je suis si heureuse !
Delly_Le-candelabre-du-temple_<Mlle Rachel-2204>_63651,heureuse ! acheva - t - elle avec un soupir
Delly_Le-candelabre-du-temple_<Mlle Rachel-2204>_63674,Dites - moi bien que vous n' aurez plus peur
Delly_Le-candelabre-du-temple_<Mlle Rachel-2204>_63703,". – Mais si , j' en ai très peur"
Delly_Le-candelabre-du-temple_<Mlle Rachel-2204>_63722,il bien vous garder de me le montrer jamais !
Delly_Le-candelabre-du-temple_<Mlle Rachel-2204>_63746,"cette belle jeune femme , qui jusqu' alors portait le"
Delly_Le-candelabre-du-temple_<Mlle Rachel-2204>_63767,de Hornstedt . Le prince l' amenait prendre à Hoendeck
Delly_Le-candelabre-du-temple_<Mlle Rachel-2204>_63800,"la défunte comtesse , qui lui était destiné . Par"
Delly_Le-candelabre-du-temple_<Mlle Rachel-2204>_63838,pas y croire . Mais Claudia précisait . . .
Delly_Le-candelabre-du-temple_<Mlle Rachel-2204>_63844,précisait . . . – Mme Halner l' a vue
Delly_Le-candelabre-du-temple_<Mlle Rachel-2204>_63852,a vue . . . Elle se trouvait dans l'
Delly_Le-candelabre-du-temple_<Mlle Rachel-2204>_63881,avec ses cheveux déroulés sur ses épaules . . .
Delly_Le-candelabre-du-temple_<la fée du malheur-1971>_54916,! Auriez - vous rencontré la fée du malheur qui
Delly_Le-candelabre-du-temple_<la fée du malheur-1971>_54920,"rencontré la fée du malheur qui rôde , assurent nos"
Delly_Le-candelabre-du-temple_<la fée du malheur-1971>_54954,"ne tombe pas bien ! Une fée , oui ."
Delly_Le-candelabre-du-temple_<la fée du malheur-1971>_54962,oui . . . mais une fée d' idéale beauté
Delly_Le-candelabre-du-temple_<la fée du malheur-1971>_54968,"fée d' idéale beauté , une fée de lumière ,"
Delly_Le-candelabre-du-temple_<la fée du malheur-1971>_55008,"vrai , madame . Il l' a vue comme moi"
Delly_Le-candelabre-du-temple_<la fée du malheur-1971>_55042,souriant . Nous avons aperçu cette jeune inconnue près des
Delly_Le-candelabre-du-temple_<la fée du malheur-1971>_55150,", moi aussi , connaître cette merveille . . ."
Delly_Le-candelabre-du-temple_<la fée du malheur-1971>_55164,", vous devez savoir qui elle est , mon cousin"
Delly_Le-candelabre-du-temple_<la fée du malheur-1971>_55219,Gleita . – Oh ! celle - là n' est
Delly_Le-candelabre-du-temple_<la fée du malheur-1971>_55236,vu avec quelle aristocratique aisance elle répondait à notre salut
Delly_Le-candelabre-du-temple_<la fée du malheur-1971>_55244,"notre salut , bien qu' elle fût très visiblement surprise"
Delly_Le-candelabre-du-temple_<la fée du malheur-1971>_55285,"qu' il s' agit de cette sorte d' aventurière ,"
Delly_Le-candelabre-du-temple_<la fée du malheur-1971>_55290,"cette sorte d' aventurière , une dame de Hakenau ."
Delly_Le-candelabre-du-temple_<la fée du malheur-1971>_55310,mouvement presque violent . – Mme de Hakenau n' est
Delly_Le-candelabre-du-temple_<la fée du malheur-1971>_55316,"de Hakenau n' est aucunement une aventurière , mais bien"
Delly_Le-candelabre-du-temple_<la fée du malheur-1971>_55321,"une aventurière , mais bien une jeune femme digne de"
Delly_Le-candelabre-du-temple_<la fée du malheur-1971>_55339,si c' est vraiment d' elle qu' il s' agit
Delly_Le-candelabre-du-temple_<la fée du malheur-1971>_55352,je puis vous assurer que sa valeur morale surpasse encore
Delly_Le-candelabre-du-temple_<la fée du malheur-1971>_55357,sa valeur morale surpasse encore son charme physique . La
Delly_Le-candelabre-du-temple_<la fée du malheur-1971>_55416,". Quant à Carolia , elle était devenue blême et"
Delly_Le-candelabre-du-temple_<la fée du malheur-1971>_55440,trouble . – Votre Altesse la connaît ? s' exclama
Delly_Le-candelabre-du-temple_<la fée du malheur-1971>_55461,je suis le tuteur de sa sœur . – Est
Delly_Le-candelabre-du-temple_<la fée du malheur-1971>_55466,sa sœur . – Est - elle veuve ? interrogea
Delly_Le-candelabre-du-temple_<la fée du malheur-1971>_55504,de feu la défense de cette étrangère . – Non
Delly_Le-candelabre-du-temple_<la fée du malheur-1971>_55510,"étrangère . – Non , elle ne l' est pas"
Delly_Le-candelabre-du-temple_<la fée du malheur-1971>_55545,"tout , ma tante . Son mari est bel et"
Delly_Le-candelabre-du-temple_<la fée du malheur-1971>_55554,et bien vivant et n' a aucune envie de mourir
Delly_Le-candelabre-du-temple_<la fée du malheur-1971>_55616,", grâce au ciel !– Cette pauvre jeune femme était"
Delly_Le-candelabre-du-temple_<la fée du malheur-1971>_55656,il est revenu près d' elle ? Et quelle sorte
Delly_Le-candelabre-du-temple_<la fée du malheur-1971>_55704,"poche . La voix de Carolia s' éleva , douce"
Delly_Le-candelabre-du-temple_<la fée du malheur-1971>_55744,le triste courage d' épouser la petite - fille d'
Delly_Le-candelabre-du-temple_<la fée du malheur-1971>_55866,l' estimable usurier ? murmura Carolia avec un petit rire
Delly_Le-candelabre-du-temple_<la fée du malheur-1971>_55881,hautain mépris s' abaissa vers elle . – Le mari
Delly_Le-candelabre-du-temple_<la fée du malheur-1971>_55901,"fortune mal acquise , et cette jeune femme elle -"
Delly_Le-candelabre-du-temple_<la fée du malheur-1971>_55904,", et cette jeune femme elle - même , ni"
Delly_Le-candelabre-du-temple_<la fée du malheur-1971>_55909,"elle - même , ni sa sœur , n' en"
Delly_Le-candelabre-du-temple_<la fée du malheur-1971>_55969,"vous fumer une cigarette , Marklein ? . . ."
Delly_Le-candelabre-du-temple_<la fée du malheur-1971>_56023,hors de la terrasse . Carolia regagna presque aussitôt son
Delly_Le-candelabre-du-temple_<la fée du malheur-1971>_56027,. Carolia regagna presque aussitôt son appartement – pour donner
Delly_Le-candelabre-du-temple_<la fée du malheur-1971>_56035,"pour donner un ordre à sa femme de chambre ,"
Delly_Le-candelabre-du-temple_<la fée du malheur-1971>_56041,"femme de chambre , dit - elle . Mais quand"
Delly_Le-candelabre-du-temple_<la fée du malheur-1971>_56046,"- elle . Mais quand elle se trouva seule ,"
Delly_Le-candelabre-du-temple_<la fée du malheur-1971>_56051,"elle se trouva seule , la jeune veuve tomba dans"
Delly_Le-candelabre-du-temple_<la fée du malheur-1971>_56059,tomba dans un fauteuil et se laissa aller à une
Delly_Le-candelabre-du-temple_<la fée du malheur-1971>_56068,une crise de désespoir . Elle avait conscience qu' elle
Delly_Le-candelabre-du-temple_<la fée du malheur-1971>_56072,. Elle avait conscience qu' elle venait de commettre une
Delly_Le-candelabre-du-temple_<la fée du malheur-1971>_56083,maladresse et que le prince lui en voudrait mortellement .
Delly_Le-candelabre-du-temple_<la fée du malheur-1971>_56096,"- il donc , entre cette jeune femme et lui"
Delly_Le-candelabre-du-temple_<la fée du malheur-1971>_56106,", pour qu' il prît sa défense de cette façon"
Delly_Le-candelabre-du-temple_<la fée du malheur-1971>_56123,de paraître considérer comme négligeable son origine maternelle !Et qu'
Delly_Le-candelabre-du-temple_<la fée du malheur-1971>_56180,Oh ! il faut que je sache la vérité !
Delly_Le-candelabre-du-temple_<la fée du malheur-1971>_56186,sache la vérité ! songea Carolia en tordant le fin
Delly_Le-candelabre-du-temple_<la fée du malheur-1971>_56194,le fin mouchoir dans lequel ses dents s' étaient enfoncées
Delly_Le-candelabre-du-temple_<la fée du malheur-1971>_56211,"abord , il faut que je la voie , cette"
Delly_Le-candelabre-du-temple_<la fée du malheur-1971>_56212,", il faut que je la voie , cette femme"
Delly_Le-candelabre-du-temple_<la fée du malheur-1971>_56215,"que je la voie , cette femme « dont la"
Delly_Le-candelabre-du-temple_<la fée du malheur-1971>_56218,"voie , cette femme « dont la valeur morale surpasse"
Delly_Le-candelabre-du-temple_<la fée du malheur-1971>_56303,". Escortée par Hamid , Myriam , un peu lasse"
Delly_Le-candelabre-du-temple_<la fée du malheur-1971>_56318,route de la forêt . Elle revenait de chez les
Delly_Le-candelabre-du-temple_<la fée du malheur-1971>_56326,"chez les Gloster , qu' elle avait trouvés tout radieux"
Delly_Le-candelabre-du-temple_<la fée du malheur-1971>_56380,. Emma avait demandé à Myriam :– Qui a donc
Delly_Le-candelabre-du-temple_<la fée du malheur-1971>_56403,"Ne serait - ce pas vous , madame ?Myriam avait"
Delly_Le-candelabre-du-temple_<la fée du malheur-1971>_56405,"- ce pas vous , madame ?Myriam avait répondu négativement"
Delly_Le-candelabre-du-temple_<la fée du malheur-1971>_56414,négativement . Mais presque aussitôt elle s' était souvenue qu'
Delly_Le-candelabre-du-temple_<la fée du malheur-1971>_56449,attention . . . Mais elle constatait que le fait
Delly_Le-candelabre-du-temple_<la fée du malheur-1971>_56526,douloureux serrait le cœur de Myriam . Puisqu' elle devait
Delly_Le-candelabre-du-temple_<la fée du malheur-1971>_56529,cœur de Myriam . Puisqu' elle devait être séparée de
Delly_Le-candelabre-du-temple_<la fée du malheur-1971>_56540,", mieux aurait valu qu' elle ne connût pas ce"
Delly_Le-candelabre-du-temple_<la fée du malheur-1971>_56550,"Siegbert trop charmeur , qu' elle restât sur l' impression"
Delly_Le-candelabre-du-temple_<la fée du malheur-1971>_56566,"d' autrefois . Alors , elle n' aurait pas éprouvé"
Delly_Le-candelabre-du-temple_<la fée du malheur-1971>_56634,est madame Oldrecht ! dit Myriam . Vous venez de
Delly_Le-candelabre-du-temple_<la fée du malheur-1971>_56636,Oldrecht ! dit Myriam . Vous venez de chez votre
Delly_Le-candelabre-du-temple_<la fée du malheur-1971>_56640,. Vous venez de chez votre tante Anna ? Comment
Delly_Le-candelabre-du-temple_<la fée du malheur-1971>_56651,- t - elle ?– Je trouve qu' elle baisse
Delly_Le-candelabre-du-temple_<la fée du malheur-1971>_56729,de conserver aucune inquiétude . Vous vous imaginez la joie
Delly_Le-candelabre-du-temple_<la fée du malheur-1971>_56735,vous imaginez la joie de ma Valérie !– Oh !
Delly_Le-candelabre-du-temple_<la fée du malheur-1971>_56741,Valérie !– Oh ! combien j' en suis heureuse !
Delly_Le-candelabre-du-temple_<la fée du malheur-1971>_56747,en suis heureuse ! dit Myriam avec émotion . –
Delly_Le-candelabre-du-temple_<la fée du malheur-1971>_56756,"– Ce bonheur , nous vous le devons en partie"
Delly_Le-candelabre-du-temple_<la fée du malheur-1971>_56769,"car enfin , c' est vous qui avez parlé au"
Delly_Le-candelabre-du-temple_<la fée du malheur-1971>_56770,"enfin , c' est vous qui avez parlé au prince"
Delly_Le-candelabre-du-temple_<la fée du malheur-1971>_56779,prince . . . – J' ai simplement exposé le
Delly_Le-candelabre-du-temple_<la fée du malheur-1971>_56810,. évidemment . . . Mme Oldrecht semblait soucieuse et
Delly_Le-candelabre-du-temple_<la fée du malheur-1971>_56821,". Pendant un moment , elle marcha sans mot dire"
Delly_Le-candelabre-du-temple_<la fée du malheur-1971>_56828,"sans mot dire près de Myriam , en tourmentant nerveusement"
Delly_Le-candelabre-du-temple_<la fée du malheur-1971>_56836,"tourmentant nerveusement le gland de son parapluie . Enfin ,"
Delly_Le-candelabre-du-temple_<la fée du malheur-1971>_56846,"paraissant prendre une résolution , elle leva les yeux sur"
Delly_Le-candelabre-du-temple_<la fée du malheur-1971>_56851,elle leva les yeux sur la jeune femme qui cheminait
Delly_Le-candelabre-du-temple_<la fée du malheur-1971>_56854,yeux sur la jeune femme qui cheminait un peu pensive
Delly_Le-candelabre-du-temple_<la fée du malheur-1971>_56865,les yeux fixés droit devant elle vers la profondeur verdoyante
Delly_Le-candelabre-du-temple_<la fée du malheur-1971>_56876,"la route forestière . – Ma chère enfant , j'"
Delly_Le-candelabre-du-temple_<la fée du malheur-1971>_56880,"– Ma chère enfant , j' ai à vous parler"
Delly_Le-candelabre-du-temple_<la fée du malheur-1971>_56883,"enfant , j' ai à vous parler . . ."
Delly_Le-candelabre-du-temple_<la fée du malheur-1971>_56888,vous parler . . . Je voulais le faire depuis
Delly_Le-candelabre-du-temple_<la fée du malheur-1971>_56909,"t - il donc , chère madame ? demanda Myriam"
Delly_Le-candelabre-du-temple_<la fée du malheur-1971>_56913,", chère madame ? demanda Myriam avec surprise . –"
Delly_Le-candelabre-du-temple_<la fée du malheur-1971>_56921,. – Peut - être vous paraîtrai - je un
Delly_Le-candelabre-du-temple_<la fée du malheur-1971>_56923,Peut - être vous paraîtrai - je un peu indiscrète
Delly_Le-candelabre-du-temple_<la fée du malheur-1971>_56932,indiscrète . . . mais vous me pardonnerez en faveur
Delly_Le-candelabre-du-temple_<la fée du malheur-1971>_56933,. . . mais vous me pardonnerez en faveur de
Delly_Le-candelabre-du-temple_<la fée du malheur-1971>_56938,me pardonnerez en faveur de ma profonde amitié pour vous
Delly_Le-candelabre-du-temple_<la fée du malheur-1971>_56942,de ma profonde amitié pour vous . Il me semble
Delly_Le-candelabre-du-temple_<la fée du malheur-1971>_56945,amitié pour vous . Il me semble parfois que vous
Delly_Le-candelabre-du-temple_<la fée du malheur-1971>_56949,Il me semble parfois que vous êtes un peu ma
Delly_Le-candelabre-du-temple_<la fée du malheur-1971>_56953,que vous êtes un peu ma fille . . .
Delly_Le-candelabre-du-temple_<la fée du malheur-1971>_56960,. . . N' avez - vous pas songé parfois
Delly_Le-candelabre-du-temple_<la fée du malheur-1971>_56966,"vous pas songé parfois , Myriam , qu' étant donné"
Delly_Le-candelabre-du-temple_<la fée du malheur-1971>_56971,"Myriam , qu' étant donné votre âge et votre situation"
Delly_Le-candelabre-du-temple_<la fée du malheur-1971>_56974,"étant donné votre âge et votre situation , les fréquentes"
Delly_Le-candelabre-du-temple_<la fée du malheur-1971>_57003,provoquer des commentaires désagréables pour vous ?Une brûlante rougeur monta
Delly_Le-candelabre-du-temple_<la fée du malheur-1971>_57011,"rougeur monta au visage de la jeune femme , qui"
Delly_Le-candelabre-du-temple_<la fée du malheur-1971>_57015,"de la jeune femme , qui s' arrêta brusquement ."
Delly_Le-candelabre-du-temple_<la fée du malheur-1971>_57029,"s' étonne ? Oui , je comprends . . ."
Delly_Le-candelabre-du-temple_<la fée du malheur-1971>_57035,comprends . . . Mais je ne puis rien .
Delly_Le-candelabre-du-temple_<la fée du malheur-1971>_57059,"– Par l' intermédiaire de Mme Sulzer , vous pourriez"
Delly_Le-candelabre-du-temple_<la fée du malheur-1971>_57062,"intermédiaire de Mme Sulzer , vous pourriez peut - être"
Delly_Le-candelabre-du-temple_<la fée du malheur-1971>_57073,faire comprendre . . . Je le crois trop honnête
Delly_Le-candelabre-du-temple_<la fée du malheur-1971>_57100,"sans famille , telle que vous l' êtes . Myriam"
Delly_Le-candelabre-du-temple_<la fée du malheur-1971>_57104,que vous l' êtes . Myriam dit avec un accent
Delly_Le-candelabre-du-temple_<la fée du malheur-1971>_57113,"accent frémissant :– Oui , je . . . je"
Delly_Le-candelabre-du-temple_<la fée du malheur-1971>_57117,", je . . . je le pense aussi ."
Delly_Le-candelabre-du-temple_<la fée du malheur-1971>_57125,"aussi . . . et je vous remercie , chère"
Delly_Le-candelabre-du-temple_<la fée du malheur-1971>_57126,". . . et je vous remercie , chère et"
Delly_Le-candelabre-du-temple_<la fée du malheur-1971>_57129,"et je vous remercie , chère et bonne amie ."
Delly_Le-candelabre-du-temple_<la fée du malheur-1971>_57134,chère et bonne amie . Mme Oldrecht prit la main
Delly_Le-candelabre-du-temple_<la fée du malheur-1971>_57164,"– Il ne faut pas vous tourmenter de cela ,"
Delly_Le-candelabre-du-temple_<la fée du malheur-1971>_57169,"vous tourmenter de cela , mon enfant . Je voulais"
Delly_Le-candelabre-du-temple_<la fée du malheur-1971>_57172,"cela , mon enfant . Je voulais simplement prévenir votre"
Delly_Le-candelabre-du-temple_<la fée du malheur-1971>_57176,. Je voulais simplement prévenir votre inexpérience du péril possible
Delly_Le-candelabre-du-temple_<la fée du malheur-1971>_57207,la situation du prince . Myriam dit avec effort :–
Delly_Le-candelabre-du-temple_<la fée du malheur-1971>_57212,Myriam dit avec effort :– Vous avez bien fait .
Delly_Le-candelabre-du-temple_<la fée du malheur-1971>_57217,"Vous avez bien fait . Je n' avais pas ,"
Delly_Le-candelabre-du-temple_<la fée du malheur-1971>_57235,". . Merci encore , chère madame Oldrecht . La"
Delly_Le-candelabre-du-temple_<la fée du malheur-1971>_57239,", chère madame Oldrecht . La nièce du docteur prit"
Delly_Le-candelabre-du-temple_<la fée du malheur-1971>_57241,madame Oldrecht . La nièce du docteur prit congé de
Delly_Le-candelabre-du-temple_<la fée du malheur-1971>_57246,du docteur prit congé de la jeune femme pour s'
Delly_Le-candelabre-du-temple_<la fée du malheur-1971>_57256,engager dans un sentier qui la conduisait directement à Gleitz
Delly_Le-candelabre-du-temple_<la fée du malheur-1971>_57264,à Gleitz . tandis que Myriam continuait vers la Maison
Delly_Le-candelabre-du-temple_<la fée du malheur-1971>_57278,sourde irritation se mêlait en elle à la souffrance plus
Delly_Le-candelabre-du-temple_<la fée du malheur-1971>_57307,toutes façons l' existence de la femme délaissée ! Si
Delly_Le-candelabre-du-temple_<la fée du malheur-1971>_57314,"délaissée ! Si , comme elle le pensait quelquefois ,"
Delly_Le-candelabre-du-temple_<la fée du malheur-1971>_57329,"une sorte de compassion à son égard , et bien"
Delly_Le-candelabre-du-temple_<la fée du malheur-1971>_57358,"que jamais !Et maintenant , elle devrait lui faire entendre"
Delly_Le-candelabre-du-temple_<la fée du malheur-1971>_57364,devrait lui faire entendre qu' elle ne pouvait plus recevoir
Delly_Le-candelabre-du-temple_<la fée du malheur-1971>_57373,recevoir ses visites . Car Mme Sulzer n' accepterait jamais
Delly_Le-candelabre-du-temple_<la fée du malheur-1971>_57381,accepterait jamais de se faire son intermédiaire près du maître
Delly_Le-candelabre-du-temple_<la fée du malheur-1971>_57388,près du maître qui – elle le savait pour en
Delly_Le-candelabre-du-temple_<la fée du malheur-1971>_57406,– ne supportait pas qu' elle eût l' air de
Delly_Le-candelabre-du-temple_<la fée du malheur-1971>_57418,rôle de mentor près de Myriam – près de sa
Delly_Le-candelabre-du-temple_<la fée du malheur-1971>_57422,de Myriam – près de sa femme . Car enfin
Delly_Le-candelabre-du-temple_<la fée du malheur-1971>_57428,"femme . Car enfin , elle était sa femme ."
Delly_Le-candelabre-du-temple_<la fée du malheur-1971>_57430,"Car enfin , elle était sa femme . Il avait"
Delly_Le-candelabre-du-temple_<la fée du malheur-1971>_57446,", le droit absolu de l' emmener où il lui"
Delly_Le-candelabre-du-temple_<la fée du malheur-1971>_57450,de l' emmener où il lui plairait . . .
Delly_Le-candelabre-du-temple_<la fée du malheur-1971>_57459,. celui aussi de continuer ses visites à la Maison
Delly_Le-candelabre-du-temple_<la fée du malheur-1971>_57469,"des Abeilles , s' il lui convenait de tenir pour"
Delly_Le-candelabre-du-temple_<la fée du malheur-1971>_57479,non avenue la prière de Myriam . « Il ne
Delly_Le-candelabre-du-temple_<la fée du malheur-1971>_57498,"» , songea - t - elle . Une sorte"
Delly_Le-candelabre-du-temple_<la fée du malheur-1971>_57509,"détresse , de regret déchirant l' oppressait . Tout à"
Delly_Le-candelabre-du-temple_<la fée du malheur-1971>_57517,"Tout à l' heure , elle allait elle - même"
Delly_Le-candelabre-du-temple_<la fée du malheur-1971>_57519,"l' heure , elle allait elle - même briser les"
Delly_Le-candelabre-du-temple_<la fée du malheur-1971>_57526,même briser les rapports qu' il avait plu à Siegbert
Delly_Le-candelabre-du-temple_<la fée du malheur-1971>_57541,"Ce serait donc fini , elle ne le verrait plus"
Delly_Le-candelabre-du-temple_<la fée du malheur-1971>_57549,verrait plus . . . elle ne rencontrerait plus ce
Delly_Le-candelabre-du-temple_<la fée du malheur-1971>_57556,rencontrerait plus ce regard qui la troublait et faisait courir
Delly_Le-candelabre-du-temple_<la fée du malheur-1971>_57562,troublait et faisait courir en elle un frisson de joie
Delly_Le-candelabre-du-temple_<la fée du malheur-1971>_57575,qu' il avait eu pour elle l' autre jour dans
Delly_Le-candelabre-du-temple_<la fée du malheur-1971>_57605,jamais . Et comme aussi elle l' avait vu reculer
Delly_Le-candelabre-du-temple_<la fée du malheur-1971>_57612,"avait vu reculer , quand elle lui avait rappelé qui"
Delly_Le-candelabre-du-temple_<la fée du malheur-1971>_57618,lui avait rappelé qui était son grand - père !Myriam
Delly_Le-candelabre-du-temple_<la fée du malheur-1971>_57637,", à la pensée que son origine la rendait pour"
Delly_Le-candelabre-du-temple_<la fée du malheur-1971>_57639,la pensée que son origine la rendait pour lui un
Delly_Le-candelabre-du-temple_<la fée du malheur-1971>_57676,". Siegbert s' intéressait à elle , très vivement ,"
Delly_Le-candelabre-du-temple_<la fée du malheur-1971>_57681,"elle , très vivement , Myriam ne pouvait le méconnaître"
Delly_Le-candelabre-du-temple_<la fée du malheur-1971>_57688,"pouvait le méconnaître . De son côté , elle s'"
Delly_Le-candelabre-du-temple_<la fée du malheur-1971>_57691,". De son côté , elle s' avouait avec un"
Delly_Le-candelabre-du-temple_<la fée du malheur-1971>_57701,émoi profond qu' il ne lui était pas indifférent .
Delly_Le-candelabre-du-temple_<la fée du malheur-1971>_57729,"retirât , qu' il laissât Myriam à son abandon ."
Delly_Le-candelabre-du-temple_<la fée du malheur-1971>_57740,"avec un poignant déchirement , elle se disait que ,"
Delly_Le-candelabre-du-temple_<la fée du malheur-1971>_57747,"disait que , maintenant , son souvenir ne la quitterait"
Delly_Le-candelabre-du-temple_<la fée du malheur-1971>_57750,"maintenant , son souvenir ne la quitterait plus . Hamid"
Delly_Le-candelabre-du-temple_<la fée du malheur-1971>_57780,". . . Précipitamment , Myriam se jeta sous bois"
Delly_Le-candelabre-du-temple_<la fée du malheur-1971>_57786,se jeta sous bois . Elle se blottit derrière un
Delly_Le-candelabre-du-temple_<la fée du malheur-1971>_57801,", appelant Hamid , le retint par son collier ."
Delly_Le-candelabre-du-temple_<la fée du malheur-1971>_57846,et un cavalier en qui Myriam reconnut aussitôt le cousin
Delly_Le-candelabre-du-temple_<la fée du malheur-1971>_57891,beauté . Les mains de Myriam se crispèrent un peu
Delly_Le-candelabre-du-temple_<la fée du malheur-1971>_57900,peu sur la poignée de son ombrelle . Mme Halner
Delly_Le-candelabre-du-temple_<la fée du malheur-1971>_57922,"Sargen , avait raconté à Myriam , sans que celle"
Delly_Le-candelabre-du-temple_<la fée du malheur-1971>_57926,"à Myriam , sans que celle - ci l' en"
Delly_Le-candelabre-du-temple_<la fée du malheur-1971>_57959,sottement laissé échapper ! avait - elle ajouté en riant
