,text_surronding
"Delly_L'orgueil-dompte_<Aélys , Sidonia et la vieille dame-60>_1269","des jardins de Sôhnthal , Aélys , Sidonia et la"
"Delly_L'orgueil-dompte_<Aélys , Sidonia et la vieille dame-60>_1384","un peu plus près , Aélys reconnut Julius , le"
"Delly_L'orgueil-dompte_<Aélys , Sidonia et la vieille dame-60>_1399","à Croix - Givre , elle avait imploré Lothaire ."
"Delly_L'orgueil-dompte_<Aélys , Sidonia et la vieille dame-60>_1458",deux énormes bêtes . Mais Aélys s' arrêta et dit
"Delly_L'orgueil-dompte_<Aélys , Sidonia et la vieille dame-60>_1462",Mais Aélys s' arrêta et dit avec une douce bienveillance
"Delly_L'orgueil-dompte_<Aélys , Sidonia et la vieille dame-60>_1468",avec une douce bienveillance :– Je suis contente de vous
"Delly_L'orgueil-dompte_<Aélys , Sidonia et la vieille dame-60>_1526","adresse . – Oui , madame , répondit - il"
"Delly_L'orgueil-dompte_<Aélys , Sidonia et la vieille dame-60>_1543",se levaient un peu sur la belle princesse qui lui
"Delly_L'orgueil-dompte_<Aélys , Sidonia et la vieille dame-60>_1546",peu sur la belle princesse qui lui parlait avec bonté
"Delly_L'orgueil-dompte_<Aélys , Sidonia et la vieille dame-60>_1552","lui parlait avec bonté , qui le regardait avec un"
"Delly_L'orgueil-dompte_<Aélys , Sidonia et la vieille dame-60>_1599","un peu sa tête vers Aélys , qui passa la"
"Delly_L'orgueil-dompte_<Aélys , Sidonia et la vieille dame-60>_1601","sa tête vers Aélys , qui passa la main sur"
"Delly_L'orgueil-dompte_<Aélys , Sidonia et la vieille dame-60>_1620",", prenez garde ! dit la comtesse Fützel avec effroi"
"Delly_L'orgueil-dompte_<Aélys , Sidonia et la vieille dame-60>_1638",dehors de leur maître !– Je n' en ai pas
"Delly_L'orgueil-dompte_<Aélys , Sidonia et la vieille dame-60>_1646",ai pas peur . Il me semble que j' aime
"Delly_L'orgueil-dompte_<Aélys , Sidonia et la vieille dame-60>_1649",. Il me semble que j' aime trop les chiens
"Delly_L'orgueil-dompte_<Aélys , Sidonia et la vieille dame-60>_1658",chiens pour qu' ils veuillent me faire du mal .
"Delly_L'orgueil-dompte_<Aélys , Sidonia et la vieille dame-60>_1672","boitez - vous ainsi , mon pauvre Julius ? Que"
"Delly_L'orgueil-dompte_<Aélys , Sidonia et la vieille dame-60>_1688","Ce n' est rien , Votre Altesse . . ."
"Delly_L'orgueil-dompte_<Aélys , Sidonia et la vieille dame-60>_1694","Altesse . . . murmura le jeune valet , dont"
"Delly_L'orgueil-dompte_<Aélys , Sidonia et la vieille dame-60>_1698","murmura le jeune valet , dont les yeux se baissèrent"
"Delly_L'orgueil-dompte_<Aélys , Sidonia et la vieille dame-60>_1706","se baissèrent de nouveau , dont le visage souffrant se"
"Delly_L'orgueil-dompte_<Aélys , Sidonia et la vieille dame-60>_1731",est rien ! Quel accident vous est - il arrivé
"Delly_L'orgueil-dompte_<Aélys , Sidonia et la vieille dame-60>_1753",un coup de botte que m' a donné Son Altesse
"Delly_L'orgueil-dompte_<Aélys , Sidonia et la vieille dame-60>_1756",botte que m' a donné Son Altesse hier soir .
"Delly_L'orgueil-dompte_<Aélys , Sidonia et la vieille dame-60>_1761",Son Altesse hier soir . Aélys étouffa une exclamation .
"Delly_L'orgueil-dompte_<Aélys , Sidonia et la vieille dame-60>_1766",Aélys étouffa une exclamation . Elle devint presque aussi pâle
"Delly_L'orgueil-dompte_<Aélys , Sidonia et la vieille dame-60>_1772","devint presque aussi pâle que Julius ; puis , soudainement"
"Delly_L'orgueil-dompte_<Aélys , Sidonia et la vieille dame-60>_1784",rougeur d' indignation monta à son visage . – Il
"Delly_L'orgueil-dompte_<Aélys , Sidonia et la vieille dame-60>_1790","visage . – Il faudrait vous faire soigner , mon"
"Delly_L'orgueil-dompte_<Aélys , Sidonia et la vieille dame-60>_1794","faudrait vous faire soigner , mon pauvre enfant , pour"
"Delly_L'orgueil-dompte_<Aélys , Sidonia et la vieille dame-60>_1807","de rester infirme , dit - elle en essayant de"
"Delly_L'orgueil-dompte_<Aélys , Sidonia et la vieille dame-60>_1816",de maîtriser le tremblement de sa voix . Julius baissa
"Delly_L'orgueil-dompte_<Aélys , Sidonia et la vieille dame-60>_1819",tremblement de sa voix . Julius baissa la tête sans
"Delly_L'orgueil-dompte_<Aélys , Sidonia et la vieille dame-60>_1836","tout à coup , gonflait sa poitrine . Aélys eut"
"Delly_L'orgueil-dompte_<Aélys , Sidonia et la vieille dame-60>_1839",", gonflait sa poitrine . Aélys eut peur d' éclater"
"Delly_L'orgueil-dompte_<Aélys , Sidonia et la vieille dame-60>_1845","eut peur d' éclater , elle aussi , devant ces"
"Delly_L'orgueil-dompte_<Aélys , Sidonia et la vieille dame-60>_1853",devant ces deux femmes qu' elle pressentait pleines de malveillance
"Delly_L'orgueil-dompte_<Aélys , Sidonia et la vieille dame-60>_1869",offusquer de cette bienveillance pour un humble valet . Elle
"Delly_L'orgueil-dompte_<Aélys , Sidonia et la vieille dame-60>_1873",pour un humble valet . Elle adressa un doux petit
"Delly_L'orgueil-dompte_<Aélys , Sidonia et la vieille dame-60>_1882",petit signe d' adieu à Julius et reprit sa marche
"Delly_L'orgueil-dompte_<Aélys , Sidonia et la vieille dame-60>_1884",d' adieu à Julius et reprit sa marche vers le
"Delly_L'orgueil-dompte_<Aélys , Sidonia et la vieille dame-60>_1885",adieu à Julius et reprit sa marche vers le château
"Delly_L'orgueil-dompte_<Aélys , Sidonia et la vieille dame-60>_1895",". Mais , maintenant , elle n' avait plus le"
"Delly_L'orgueil-dompte_<Aélys , Sidonia et la vieille dame-60>_1909","En haut des degrés , elle prit congé des deux"
"Delly_L'orgueil-dompte_<Aélys , Sidonia et la vieille dame-60>_1916",congé des deux comtesses et se dirigea vers son appartement
"Delly_L'orgueil-dompte_<Aélys , Sidonia et la vieille dame-60>_1919",comtesses et se dirigea vers son appartement . – Ah
"Delly_L'orgueil-dompte_<Aélys , Sidonia et la vieille dame-60>_1930","avec une pareille sensibilité , elle n' a pas fini"
"Delly_L'orgueil-dompte_<Aélys , Sidonia et la vieille dame-60>_1940",d' en voir ! murmura la vieille dame avec un
"Delly_L'orgueil-dompte_<Aélys , Sidonia et la vieille dame-60>_1948",avec un méchant sourire . Sidonia suivait d' un regard
"Delly_L'orgueil-dompte_<Aélys , Sidonia et la vieille dame-60>_1954",suivait d' un regard noir l' élégante silhouette qui s'
"Delly_L'orgueil-dompte_<Aélys , Sidonia et la vieille dame-60>_1969",de ce matin ensoleillé . Elle dit entre ses dents
"Delly_L'orgueil-dompte_<Aélys , Sidonia et la vieille dame-60>_1972","ensoleillé . Elle dit entre ses dents :– Oui ,"
"Delly_L'orgueil-dompte_<Aélys , Sidonia et la vieille dame-60>_1977","ses dents :– Oui , il se chargera de lui"
"Delly_L'orgueil-dompte_<Aélys , Sidonia et la vieille dame-60>_1981",", il se chargera de lui apprendre à garder son"
"Delly_L'orgueil-dompte_<Aélys , Sidonia et la vieille dame-60>_1985",de lui apprendre à garder son rang ! . .
"Delly_L'orgueil-dompte_<Aélys , Sidonia et la vieille dame-60>_1992","! . . . Mais elle est trop belle ,"
"Delly_L'orgueil-dompte_<Aélys , Sidonia et la vieille dame-60>_1997","elle est trop belle , cette Aélys ! Elle est"
"Delly_L'orgueil-dompte_<Aélys , Sidonia et la vieille dame-60>_2000","belle , cette Aélys ! Elle est . . ."
"Delly_L'orgueil-dompte_<Aélys , Sidonia et la vieille dame-60>_2005",Elle est . . . elle est capable de le
"Delly_L'orgueil-dompte_<Aélys , Sidonia et la vieille dame-60>_2009",". elle est capable de le charmer , du moins"
"Delly_L'orgueil-dompte_<Aélys , Sidonia et la vieille dame-60>_2024",ce sera trop affreux pour moi ! . . .
"Delly_L'orgueil-dompte_<Aélys , Sidonia et la vieille dame-60>_2029",moi ! . . . Elle surtout . . .
"Delly_L'orgueil-dompte_<Aélys , Sidonia et la vieille dame-60>_2034",Elle surtout . . . Je la hais . .
"Delly_L'orgueil-dompte_<Aélys , Sidonia et la vieille dame-60>_2035",surtout . . . Je la hais . . .
"Delly_L'orgueil-dompte_<Aélys , Sidonia et la vieille dame-60>_2040",la hais . . . je la hais comme jamais
"Delly_L'orgueil-dompte_<Aélys , Sidonia et la vieille dame-60>_2041",hais . . . je la hais comme jamais je
"Delly_L'orgueil-dompte_<Aélys , Sidonia et la vieille dame-60>_2045",je la hais comme jamais je n' ai haï aucune
"Delly_L'orgueil-dompte_<Aélys , Sidonia et la vieille dame-60>_2055",autre . . . et je la redoute . .
"Delly_L'orgueil-dompte_<Aélys , Sidonia et la vieille dame-60>_2056",. . . et je la redoute . . .
"Delly_L'orgueil-dompte_<Aélys , Sidonia et la vieille dame-60>_2072","- Givre , déjà , elle semblait tant lui plaire"
"Delly_L'orgueil-dompte_<Aélys , Sidonia et la vieille dame-60>_2075","déjà , elle semblait tant lui plaire . Et elle"
"Delly_L'orgueil-dompte_<Aélys , Sidonia et la vieille dame-60>_2079",tant lui plaire . Et elle n' était encore qu'
"Delly_L'orgueil-dompte_<Aélys , Sidonia et la vieille dame-60>_2098","bien autre chose . – Il vous reviendra , chère"
"Delly_L'orgueil-dompte_<Aélys , Sidonia et la vieille dame-60>_2099","autre chose . – Il vous reviendra , chère comtesse"
"Delly_L'orgueil-dompte_<Aélys , Sidonia et la vieille dame-60>_2102","– Il vous reviendra , chère comtesse ! . ."
"Delly_L'orgueil-dompte_<Aélys , Sidonia et la vieille dame-60>_2108","comtesse ! . . . Il vous reviendra , ne"
"Delly_L'orgueil-dompte_<Aélys , Sidonia et la vieille dame-60>_2109","! . . . Il vous reviendra , ne craignez"
"Delly_L'orgueil-dompte_<Aélys , Sidonia et la vieille dame-60>_2117",ne craignez rien ! Et vous serez notre princesse .
"Delly_L'orgueil-dompte_<Aélys , Sidonia et la vieille dame-60>_2127",". . du moins , vos amis dévoués feront tout"
"Delly_L'orgueil-dompte_<Aélys , Sidonia et la vieille dame-60>_2135","feront tout pour cela . Aélys , encore toute remuée"
"Delly_L'orgueil-dompte_<Aélys , Sidonia et la vieille dame-60>_2151",dans le salon vert . Elle venait à peine de
"Delly_L'orgueil-dompte_<Aélys , Sidonia et la vieille dame-60>_2200",se soutenir . – Que vous arrive - t -
"Delly_L'orgueil-dompte_<Aélys , Sidonia et la vieille dame-60>_2207","- t - il , madame ? s' écria Aélys"
"Delly_L'orgueil-dompte_<Aélys , Sidonia et la vieille dame-60>_2211",", madame ? s' écria Aélys en se levant pour"
"Delly_L'orgueil-dompte_<Aélys , Sidonia et la vieille dame-60>_2219",levant pour s' approcher d' elle . – J' ai
"Delly_L'orgueil-dompte_<Aélys , Sidonia et la vieille dame-60>_2222",approcher d' elle . – J' ai . . .
"Delly_L'orgueil-dompte_<Aélys , Sidonia et la vieille dame-60>_2227",J' ai . . . je viens de . .
"Delly_L'orgueil-dompte_<Aélys , Sidonia et la vieille dame-60>_2233",viens de . . . Son Altesse le prince Lothaire
"Delly_L'orgueil-dompte_<Aélys , Sidonia et la vieille dame-60>_2238",Son Altesse le prince Lothaire m' a fait appeler pour
"Delly_L'orgueil-dompte_<Aélys , Sidonia et la vieille dame-60>_2243",m' a fait appeler pour m' adresser des reproches .
"Delly_L'orgueil-dompte_<Aélys , Sidonia et la vieille dame-60>_2258",pour quoi ?– Parce que Votre Altesse avait modifié sa
"Delly_L'orgueil-dompte_<Aélys , Sidonia et la vieille dame-60>_2262","que Votre Altesse avait modifié sa toilette , contrairement à"
"Delly_L'orgueil-dompte_<Aélys , Sidonia et la vieille dame-60>_2274",. – Eh bien ! vous avez répondu que vous
"Delly_L'orgueil-dompte_<Aélys , Sidonia et la vieille dame-60>_2278",! vous avez répondu que vous n' y étiez pour
"Delly_L'orgueil-dompte_<Aélys , Sidonia et la vieille dame-60>_2288","rien , que c' est moi qui l' ai voulu"
"Delly_L'orgueil-dompte_<Aélys , Sidonia et la vieille dame-60>_2289",", que c' est moi qui l' ai voulu ."
"Delly_L'orgueil-dompte_<Aélys , Sidonia et la vieille dame-60>_2295",l' ai voulu . – Le prince ne l' entend
"Delly_L'orgueil-dompte_<Aélys , Sidonia et la vieille dame-60>_2311","jeunesse et l' inexpérience de Votre Altesse , je suis"
"Delly_L'orgueil-dompte_<Aélys , Sidonia et la vieille dame-60>_2314","inexpérience de Votre Altesse , je suis placée près d'"
"Delly_L'orgueil-dompte_<Aélys , Sidonia et la vieille dame-60>_2319","je suis placée près d' elle pour la diriger ,"
"Delly_L'orgueil-dompte_<Aélys , Sidonia et la vieille dame-60>_2321","placée près d' elle pour la diriger , pour la"
"Delly_L'orgueil-dompte_<Aélys , Sidonia et la vieille dame-60>_2325","pour la diriger , pour la guider ; donc je"
"Delly_L'orgueil-dompte_<Aélys , Sidonia et la vieille dame-60>_2329",pour la guider ; donc je suis responsable de ses
"Delly_L'orgueil-dompte_<Aélys , Sidonia et la vieille dame-60>_2333",donc je suis responsable de ses actes . . .
"Delly_L'orgueil-dompte_<Aélys , Sidonia et la vieille dame-60>_2338",ses actes . . . J' ai été durement admonestée
"Delly_L'orgueil-dompte_<Aélys , Sidonia et la vieille dame-60>_2344","ai été durement admonestée , Altesse . . . je"
"Delly_L'orgueil-dompte_<Aélys , Sidonia et la vieille dame-60>_2348",", Altesse . . . je suis avertie que cette"
"Delly_L'orgueil-dompte_<Aélys , Sidonia et la vieille dame-60>_2358",charge de dame d' honneur me sera retirée si je
"Delly_L'orgueil-dompte_<Aélys , Sidonia et la vieille dame-60>_2362",honneur me sera retirée si je ne remplis pas strictement
"Delly_L'orgueil-dompte_<Aélys , Sidonia et la vieille dame-60>_2367",je ne remplis pas strictement mon devoir . . .
"Delly_L'orgueil-dompte_<Aélys , Sidonia et la vieille dame-60>_2373","devoir . . . – Je le regretterai , madame"
"Delly_L'orgueil-dompte_<Aélys , Sidonia et la vieille dame-60>_2377","– Je le regretterai , madame . Mais cette considération"
"Delly_L'orgueil-dompte_<Aélys , Sidonia et la vieille dame-60>_2384","Mais cette considération ne pourra m' empêcher d' accomplir ,"
"Delly_L'orgueil-dompte_<Aélys , Sidonia et la vieille dame-60>_2389","m' empêcher d' accomplir , moi aussi , ce que"
"Delly_L'orgueil-dompte_<Aélys , Sidonia et la vieille dame-60>_2394","moi aussi , ce que je considérerai comme un devoir"
"Delly_L'orgueil-dompte_<Aélys , Sidonia et la vieille dame-60>_2402","un devoir . Toutefois , je ferai mon possible pour"
"Delly_L'orgueil-dompte_<Aélys , Sidonia et la vieille dame-60>_2404",". Toutefois , je ferai mon possible pour que vous"
"Delly_L'orgueil-dompte_<Aélys , Sidonia et la vieille dame-60>_2408",ferai mon possible pour que vous n' ayez pas à
"Delly_L'orgueil-dompte_<Aélys , Sidonia et la vieille dame-60>_2419",souffrir . . . Pardonnez - moi d' être cause
"Delly_L'orgueil-dompte_<Aélys , Sidonia et la vieille dame-60>_2427",être cause des remontrances que vous venez de recevoir et
"Delly_L'orgueil-dompte_<Aélys , Sidonia et la vieille dame-60>_2438",auraient dû s' adresser à moi seule . . .
"Delly_L'orgueil-dompte_<Aélys , Sidonia et la vieille dame-60>_2443","moi seule . . . Mme de Sucy , en"
"Delly_L'orgueil-dompte_<Aélys , Sidonia et la vieille dame-60>_2454","inclinant sur la main qui lui était tendue , murmura"
"Delly_L'orgueil-dompte_<Aélys , Sidonia et la vieille dame-60>_2458","qui lui était tendue , murmura qu' elle ne songeait"
"Delly_L'orgueil-dompte_<Aélys , Sidonia et la vieille dame-60>_2460","était tendue , murmura qu' elle ne songeait pas le"
"Delly_L'orgueil-dompte_<Aélys , Sidonia et la vieille dame-60>_2472","monde à en vouloir à la princesse , si bonne"
"Delly_L'orgueil-dompte_<Aélys , Sidonia et la vieille dame-60>_2484",. Mais le regard qu' elle glissa sur la jeune
"Delly_L'orgueil-dompte_<Aélys , Sidonia et la vieille dame-60>_2487","regard qu' elle glissa sur la jeune femme , un"
"Delly_L'orgueil-dompte_<Aélys , Sidonia et la vieille dame-60>_2511","cette affirmation . Seule , Aélys vint s' appuyer contre"
"Delly_L'orgueil-dompte_<Aélys , Sidonia et la vieille dame-60>_2524","vitrées ouvertes . Machinalement , elle laissait errer son regard"
"Delly_L'orgueil-dompte_<Aélys , Sidonia et la vieille dame-60>_2527","Machinalement , elle laissait errer son regard sur le sombre"
"Delly_L'orgueil-dompte_<Aélys , Sidonia et la vieille dame-60>_2537",horizon de forêts . Tout son être vibrait d' indignation
"Delly_L'orgueil-dompte_<Aélys , Sidonia et la vieille dame-60>_2586",", secoua les épaules de la jeune femme . À"
"Delly_L'orgueil-dompte_<Aélys , Sidonia et la vieille dame-60>_2591",la jeune femme . À ses oreilles venait le bruit
"Delly_L'orgueil-dompte_<Aélys , Sidonia et la vieille dame-60>_2655","résidait dans la principauté . Aélys resta immobile , ne"
"Delly_L'orgueil-dompte_<Aélys , Sidonia et la vieille dame-60>_2660","Aélys resta immobile , ne tourna même pas la tête"
"Delly_L'orgueil-dompte_<Aélys , Sidonia et la vieille dame-60>_2680",d' ironique impatience :– Es - tu sourde ou aveugle
"Delly_L'orgueil-dompte_<Aélys , Sidonia et la vieille dame-60>_2698","?D' un vif mouvement , Aélys se détourna , montrant"
"Delly_L'orgueil-dompte_<Aélys , Sidonia et la vieille dame-60>_2703","Aélys se détourna , montrant ses yeux chargés d' un"
"Delly_L'orgueil-dompte_<Aélys , Sidonia et la vieille dame-60>_2714",reproche . – Pourquoi avez - vous blâmé Mme de
"Delly_L'orgueil-dompte_<Aélys , Sidonia et la vieille dame-60>_2727",c' était à moi que vous deviez vous adresser ?–
"Delly_L'orgueil-dompte_<Aélys , Sidonia et la vieille dame-60>_2742",", mon enfant . Il la regardait avec un air"
"Delly_L'orgueil-dompte_<Aélys , Sidonia et la vieille dame-60>_2762","de même chaque fois que tu commettras quelque faute ,"
"Delly_L'orgueil-dompte_<Aélys , Sidonia et la vieille dame-60>_2776","qui ont cours ici . Ta dame d' honneur ,"
"Delly_L'orgueil-dompte_<Aélys , Sidonia et la vieille dame-60>_2795",ou la punition mérités par toi . – Une si
"Delly_L'orgueil-dompte_<Aélys , Sidonia et la vieille dame-60>_2815",", il était impossible qu' elle ne se révoltât pas"
"Delly_L'orgueil-dompte_<Aélys , Sidonia et la vieille dame-60>_2825",", en dépit de toutes ses résolutions de calme ,"
"Delly_L'orgueil-dompte_<Aélys , Sidonia et la vieille dame-60>_2853","et amusé !– J' aime ta franchise , Aélys ;"
"Delly_L'orgueil-dompte_<Aélys , Sidonia et la vieille dame-60>_2856","J' aime ta franchise , Aélys ; elle me change"
"Delly_L'orgueil-dompte_<Aélys , Sidonia et la vieille dame-60>_2885",", j' ai ordonné à Mme de Sucy de tenir"
"Delly_L'orgueil-dompte_<Aélys , Sidonia et la vieille dame-60>_2897","à l' observation , par toi , de tous les"
"Delly_L'orgueil-dompte_<Aélys , Sidonia et la vieille dame-60>_2908",d' étiquette dont je ne t' aurai pas dispensée .
"Delly_L'orgueil-dompte_<Aélys , Sidonia et la vieille dame-60>_2919",". Car , naturellement , tu restes libre de t'"
"Delly_L'orgueil-dompte_<Aélys , Sidonia et la vieille dame-60>_2938","très probablement , je ne te refuserai pas . Une"
"Delly_L'orgueil-dompte_<Aélys , Sidonia et la vieille dame-60>_2951","colère monta au visage d' Aélys . Ainsi , voilà"
"Delly_L'orgueil-dompte_<Aélys , Sidonia et la vieille dame-60>_2961","ce qu' il voulait : l' humilier , la tenir"
"Delly_L'orgueil-dompte_<Aélys , Sidonia et la vieille dame-60>_2964","voulait : l' humilier , la tenir dans une plus"
"Delly_L'orgueil-dompte_<Aélys , Sidonia et la vieille dame-60>_2972","une plus étroite dépendance , l' obliger à la prière"
"Delly_L'orgueil-dompte_<Aélys , Sidonia et la vieille dame-60>_2981","prière , chaque fois que sa conscience ou son cœur"
"Delly_L'orgueil-dompte_<Aélys , Sidonia et la vieille dame-60>_2984",fois que sa conscience ou son cœur refuserait de se
"Delly_L'orgueil-dompte_<Aélys , Sidonia et la vieille dame-60>_3000",habitudes qu' ils réprouvaient . Sa tacite promesse d' acquiescement
"Delly_L'orgueil-dompte_<Aélys , Sidonia et la vieille dame-60>_3014","lors , aux yeux de la jeune femme , qu'"
"Delly_L'orgueil-dompte_<Aélys , Sidonia et la vieille dame-60>_3025","ironique fantaisie de despote . Elle détourna la tête ,"
"Delly_L'orgueil-dompte_<Aélys , Sidonia et la vieille dame-60>_3033","tête , en serrant nerveusement ses lèvres tremblantes . Il"
"Delly_L'orgueil-dompte_<Aélys , Sidonia et la vieille dame-60>_3048",de répliquer puisqu' il ne lui restait qu' à se
"Delly_L'orgueil-dompte_<Aélys , Sidonia et la vieille dame-60>_3057",se soumettre en montrant qu' elle ne le faisait que
"Delly_L'orgueil-dompte_<Aélys , Sidonia et la vieille dame-60>_3092",autour du salon . – J' en ai porté une
"Delly_L'orgueil-dompte_<Aélys , Sidonia et la vieille dame-60>_3103",dehors . . . Il m' est impossible de supporter
"Delly_L'orgueil-dompte_<Aélys , Sidonia et la vieille dame-60>_3113","ces parfums , répondit brièvement Aélys . Puis , avec"
"Delly_L'orgueil-dompte_<Aélys , Sidonia et la vieille dame-60>_3124","amertume nuancée d' ironie , elle ajouta , en regardant"
"Delly_L'orgueil-dompte_<Aélys , Sidonia et la vieille dame-60>_3141","pour cela aussi , aurais - je dû demander votre"
"Delly_L'orgueil-dompte_<Aélys , Sidonia et la vieille dame-60>_3173",égard à la susceptibilité de ton tempérament sur ce point
"Delly_L'orgueil-dompte_<Aélys , Sidonia et la vieille dame-60>_3184",. . et je ne te ferai pas de reproches
"Delly_L'orgueil-dompte_<Aélys , Sidonia et la vieille dame-60>_3190",ferai pas de reproches . Elle baissa légèrement les yeux
"Delly_L'orgueil-dompte_<Aélys , Sidonia et la vieille dame-60>_3216",ce regard d' enchanteur !– Tu as fait une promenade
"Delly_L'orgueil-dompte_<Aélys , Sidonia et la vieille dame-60>_3226",", ce matin ? Je t' ai aperçue . ."
"Delly_L'orgueil-dompte_<Aélys , Sidonia et la vieille dame-60>_3236",. Il se rapprochait d' elle . Une main ferme
"Delly_L'orgueil-dompte_<Aélys , Sidonia et la vieille dame-60>_3247","impérieuse , se posa sur son épaule qui essaya de"
"Delly_L'orgueil-dompte_<Aélys , Sidonia et la vieille dame-60>_3263",. . . Que dis - tu de nos jardins
"Delly_L'orgueil-dompte_<Aélys , Sidonia et la vieille dame-60>_3278",". . La voix d' Aélys était basse , contrainte"
"Delly_L'orgueil-dompte_<Aélys , Sidonia et la vieille dame-60>_3284","était basse , contrainte . La jeune femme revoyait le"
"Delly_L'orgueil-dompte_<Aélys , Sidonia et la vieille dame-60>_3313",être resterait infirme . Mais elle ne pouvait rien tenter
"Delly_L'orgueil-dompte_<Aélys , Sidonia et la vieille dame-60>_3359",pénible sort . – Je te ferai visiter les serres
"Delly_L'orgueil-dompte_<Aélys , Sidonia et la vieille dame-60>_3365",ferai visiter les serres . Tu y verras des choses
"Delly_L'orgueil-dompte_<Aélys , Sidonia et la vieille dame-60>_3379",– C' est ce que m' a dit la comtesse
"Delly_L'orgueil-dompte_<Aélys , Sidonia et la vieille dame-60>_3386","dit la comtesse Brorzen . Aélys redressait la tête ,"
"Delly_L'orgueil-dompte_<Aélys , Sidonia et la vieille dame-60>_3391","Aélys redressait la tête , regardait le prince . Avec"
"Delly_L'orgueil-dompte_<Aélys , Sidonia et la vieille dame-60>_3401","une sorte d' émoi , elle cherchait à saisir sur"
"Delly_L'orgueil-dompte_<Aélys , Sidonia et la vieille dame-60>_3442","– Ah ! oui , tu as rencontré Sidonia et"
"Delly_L'orgueil-dompte_<Aélys , Sidonia et la vieille dame-60>_3460",revenant ensemble . . . Tes cheveux bouclent autant qu'
"Delly_L'orgueil-dompte_<Aélys , Sidonia et la vieille dame-60>_3467","bouclent autant qu' autrefois , Aélys . . . et"
"Delly_L'orgueil-dompte_<Aélys , Sidonia et la vieille dame-60>_3481","même nuance . . . Elle détourna la tête ,"
"Delly_L'orgueil-dompte_<Aélys , Sidonia et la vieille dame-60>_3507","Croix - Givre ? Mais elle savait , maintenant ."
"Delly_L'orgueil-dompte_<Aélys , Sidonia et la vieille dame-60>_3514",", maintenant . . . elle savait . . ."
"Delly_L'orgueil-dompte_<Aélys , Sidonia et la vieille dame-60>_3527",frémissait ! . . . Elle essaya encore de dégager
"Delly_L'orgueil-dompte_<Aélys , Sidonia et la vieille dame-60>_3532",Elle essaya encore de dégager son épaule . Lothaire eut
"Delly_L'orgueil-dompte_<Aélys , Sidonia et la vieille dame-60>_3556","m' échappe pas ainsi , jeune fée . Vois -"
"Delly_L'orgueil-dompte_<Aélys , Sidonia et la vieille dame-60>_3560",", jeune fée . Vois - tu , mieux vaudrait"
"Delly_L'orgueil-dompte_<Aélys , Sidonia et la vieille dame-60>_3565","- tu , mieux vaudrait te résoudre dès maintenant à"
"Delly_L'orgueil-dompte_<Aélys , Sidonia et la vieille dame-60>_3585",ou tard . . . Aélys rejeta sa tête en
"Delly_L'orgueil-dompte_<Aélys , Sidonia et la vieille dame-60>_3587",". . . Aélys rejeta sa tête en arrière ,"
"Delly_L'orgueil-dompte_<Aélys , Sidonia et la vieille dame-60>_3611",? Pensez - vous que je changerai d' avis à
"Delly_L'orgueil-dompte_<Aélys , Sidonia et la vieille dame-60>_3623","? . . . que j' approuverai vos injustices ,"
"Delly_L'orgueil-dompte_<Aélys , Sidonia et la vieille dame-60>_3639","Qu' est - ce que tu en sais , de"
"Delly_L'orgueil-dompte_<Aélys , Sidonia et la vieille dame-60>_3648",de mes cruautés ? Que t' a - t -
"Delly_L'orgueil-dompte_<Aélys , Sidonia et la vieille dame-60>_3660","?Il se penchait , et Aélys vit tout près d'"
"Delly_L'orgueil-dompte_<Aélys , Sidonia et la vieille dame-60>_3665",Aélys vit tout près d' elle ses yeux éclairés d'
"Delly_L'orgueil-dompte_<Aélys , Sidonia et la vieille dame-60>_3666",vit tout près d' elle ses yeux éclairés d' une
"Delly_L'orgueil-dompte_<Aélys , Sidonia et la vieille dame-60>_3675","une lueur vive , où elle crut saisir de la"
"Delly_L'orgueil-dompte_<Aélys , Sidonia et la vieille dame-60>_3685",colère . – Personne ne m' a rien raconté .
"Delly_L'orgueil-dompte_<Aélys , Sidonia et la vieille dame-60>_3725",main et s' écarta de la jeune femme . Le
"Delly_L'orgueil-dompte_<Aélys , Sidonia et la vieille dame-60>_3770","dissentiment ne le séparait de la jeune femme , pâle"
"Delly_L'orgueil-dompte_<Aélys , Sidonia et la vieille dame-60>_3785","face de lui , et qui s' efforçait de lui"
"Delly_L'orgueil-dompte_<Aélys , Sidonia et la vieille dame-60>_3812","déjeuner terminé , il emmena Aélys dans le salon de"
"Delly_L'orgueil-dompte_<Aélys , Sidonia et la vieille dame-60>_3820","salon de musique . Sur sa demande , elle joua"
"Delly_L'orgueil-dompte_<Aélys , Sidonia et la vieille dame-60>_3823",". Sur sa demande , elle joua une sonate de"
"Delly_L'orgueil-dompte_<Aélys , Sidonia et la vieille dame-60>_3839","mais bientôt , emportée par sa passion pour la musique"
"Delly_L'orgueil-dompte_<Aélys , Sidonia et la vieille dame-60>_3849",", en y mettant toute son âme . – C'"
"Delly_L'orgueil-dompte_<Aélys , Sidonia et la vieille dame-60>_3907",moi quelque chose . – Je ne sais que des
"Delly_L'orgueil-dompte_<Aélys , Sidonia et la vieille dame-60>_3916","des morceaux religieux , dit Aélys . – Qu' importe"
"Delly_L'orgueil-dompte_<Aélys , Sidonia et la vieille dame-60>_3925",importe ! Chante ce que tu voudras . . .
"Delly_L'orgueil-dompte_<Aélys , Sidonia et la vieille dame-60>_3931",voudras . . . Cela te gêne - t -
"Delly_L'orgueil-dompte_<Aélys , Sidonia et la vieille dame-60>_3939","t - il , de t' accompagner toi - même"
"Delly_L'orgueil-dompte_<Aélys , Sidonia et la vieille dame-60>_3941","il , de t' accompagner toi - même ?– Oh"
"Delly_L'orgueil-dompte_<Aélys , Sidonia et la vieille dame-60>_3959","ajouter : « Ce qui me gêne , c' est"
"Delly_L'orgueil-dompte_<Aélys , Sidonia et la vieille dame-60>_3973",. . . » Mais sa ferveur d' artiste l'
"Delly_L'orgueil-dompte_<Aélys , Sidonia et la vieille dame-60>_3987","sur toute autre considération , lui faisait oublier l' auditeur"
"Delly_L'orgueil-dompte_<Aélys , Sidonia et la vieille dame-60>_3993",faisait oublier l' auditeur qu' elle savait cependant un juge
"Delly_L'orgueil-dompte_<Aélys , Sidonia et la vieille dame-60>_4013","tendu de vieux Beauvais , sa voix s' élevait ,"
"Delly_L'orgueil-dompte_<Aélys , Sidonia et la vieille dame-60>_4040","la dernière note expira sur ses lèvres , Aélys se"
"Delly_L'orgueil-dompte_<Aélys , Sidonia et la vieille dame-60>_4043","expira sur ses lèvres , Aélys se détourna lentement ."
"Delly_L'orgueil-dompte_<Aélys , Sidonia et la vieille dame-60>_4088",de tourner la tête vers la jeune femme . Dans
"Delly_L'orgueil-dompte_<Aélys , Sidonia et la vieille dame-60>_4114",brûlant et doux . – Ta voix a bien tenu
"Delly_L'orgueil-dompte_<Aélys , Sidonia et la vieille dame-60>_4131","leçons de Marie Herz , elle sera tout à fait"
"Delly_L'orgueil-dompte_<Aélys , Sidonia et la vieille dame-60>_4145","froidement , sans presque regarder Aélys . Il ajouta ,"
"Delly_L'orgueil-dompte_<Aélys , Sidonia et la vieille dame-60>_4163","Cet après - midi , tu feras une promenade en"
"Delly_L'orgueil-dompte_<Aélys , Sidonia et la vieille dame-60>_4184",". Je crois qu' elle te plaira , presque autant"
"Delly_L'orgueil-dompte_<Aélys , Sidonia et la vieille dame-60>_4199","Givre . Mme de Sucy t' accompagnera , ainsi que"
"Delly_L'orgueil-dompte_<Aélys , Sidonia et la vieille dame-60>_4218",". À ce soir , Aélys . – À ce"
"Delly_L'orgueil-dompte_<Aélys , Sidonia et la vieille dame-60>_4228","soir , répéta - t - elle machinalement . Elle"
"Delly_L'orgueil-dompte_<Aélys , Sidonia et la vieille dame-60>_4232",t - elle machinalement . Elle venait de songer :
"Delly_L'orgueil-dompte_<Aélys , Sidonia et la vieille dame-60>_4242",« Il faudrait cependant que je lui demande pour Cécile
"Delly_L'orgueil-dompte_<Aélys , Sidonia et la vieille dame-60>_4259",- t - il pas me faire ce plaisir .
"Delly_L'orgueil-dompte_<Aélys , Sidonia et la vieille dame-60>_4267","plaisir . Mais enfin , je dois essayer . ."
"Delly_L'orgueil-dompte_<Aélys , Sidonia et la vieille dame-60>_4282",désirait tant venir près de moi ! »Lothaire enveloppait d'
"Delly_L'orgueil-dompte_<Aélys , Sidonia et la vieille dame-60>_4301",Il demanda brièvement :– Désires - tu quelque chose ?Elle
"Delly_L'orgueil-dompte_<Aélys , Sidonia et la vieille dame-60>_4324","mots simples et nets , elle exposa sa requête ."
"Delly_L'orgueil-dompte_<Aélys , Sidonia et la vieille dame-60>_4326","et nets , elle exposa sa requête . À quoi"
"Delly_L'orgueil-dompte_<Aélys , Sidonia et la vieille dame-60>_4343",vois pas d' inconvénient . Écris à Mllc de Forsan
"Delly_L'orgueil-dompte_<Aélys , Sidonia et la vieille dame-60>_4359",. Elle aura près de toi le poste de lectrice
"Delly_L'orgueil-dompte_<Aélys , Sidonia et la vieille dame-60>_4369",et recevra des émoluments dont je fixerai le chiffre quand
"Delly_L'orgueil-dompte_<Aélys , Sidonia et la vieille dame-60>_4374",je fixerai le chiffre quand tu me la présenteras .
"Delly_L'orgueil-dompte_<Aélys , Sidonia et la vieille dame-60>_4375",fixerai le chiffre quand tu me la présenteras . –
"Delly_L'orgueil-dompte_<Aélys , Sidonia et la vieille dame-60>_4381","la présenteras . – Je vous remercie , dit Aélys"
"Delly_L'orgueil-dompte_<Aélys , Sidonia et la vieille dame-60>_4404",une si prompte acceptation . Lothaire eut un petit sourire
"Delly_L'orgueil-dompte_<Aélys , Sidonia et la vieille dame-60>_4434","pour adresser sa demande , il sortit du salon ,"
"Delly_L'orgueil-dompte_<Aélys , Sidonia et la vieille dame-60>_4446",jardin d' hiver pour gagner son cabinet ou Valérien de
"Delly_L'orgueil-dompte_<Aélys , Sidonia et la vieille dame-60>_4465",", reçut l' ordre de lui faire la lecture des"
"Delly_L'orgueil-dompte_<Aélys , Sidonia et la vieille dame-60>_4481",". Tâche ardue , car le prince , qui parlait"
"Delly_L'orgueil-dompte_<Aélys , Sidonia et la vieille dame-60>_4484",", car le prince , qui parlait couramment toutes les"
"Delly_L'orgueil-dompte_<Aélys , Sidonia et la vieille dame-60>_4508","quoique devenu polyglotte près de lui , en laissait parfois"
"Delly_L'orgueil-dompte_<Aélys , Sidonia et la vieille dame-60>_4522","Alors , selon l' humeur du maître , c' était"
"Delly_L'orgueil-dompte_<Aélys , Sidonia et la vieille dame-60>_4552","était chassé dédaigneusement , car le prince Lothaire avait continué"
"Delly_L'orgueil-dompte_<Aélys , Sidonia et la vieille dame-60>_4559",Lothaire avait continué de traiter le jeune baron comme il
"Delly_L'orgueil-dompte_<Aélys , Sidonia et la vieille dame-60>_4563",traiter le jeune baron comme il le faisait du petit
"Delly_L'orgueil-dompte_<Aélys , Sidonia et la vieille dame-60>_4583","à la cour , que Seldorf , sorte de souffre"
"Delly_L'orgueil-dompte_<Aélys , Sidonia et la vieille dame-60>_4605","et les caprices despotiques de Son Altesse , avait coutume"
"Delly_L'orgueil-dompte_<Aélys , Sidonia et la vieille dame-60>_4630",". Mais aujourd' hui , Valérien , s' apercevant tout"
"Delly_L'orgueil-dompte_<Aélys , Sidonia et la vieille dame-60>_4668","coup d' œil inquiet vers le prince , il le"
"Delly_L'orgueil-dompte_<Aélys , Sidonia et la vieille dame-60>_4671","inquiet vers le prince , il le vit accoudé à"
"Delly_L'orgueil-dompte_<Aélys , Sidonia et la vieille dame-60>_4672","vers le prince , il le vit accoudé à son"
"Delly_L'orgueil-dompte_<Aélys , Sidonia et la vieille dame-60>_4676","il le vit accoudé à son bureau , la mine"
"Delly_L'orgueil-dompte_<Aélys , Sidonia et la vieille dame-60>_4697","peu après , interrompant brusquement le jeune garçon au milieu"
"Delly_L'orgueil-dompte_<Aélys , Sidonia et la vieille dame-60>_4706","milieu d' une phrase , Lothaire lui ordonna de se"
"Delly_L'orgueil-dompte_<Aélys , Sidonia et la vieille dame-60>_4707","d' une phrase , Lothaire lui ordonna de se retirer"
"Delly_L'orgueil-dompte_<Aélys , Sidonia et la vieille dame-60>_4714",de se retirer . « Son Altesse n' a certainement
"Delly_L'orgueil-dompte_<Aélys , Sidonia et la vieille dame-60>_4724",rien entendu de ce que je lui ai lu !
"Delly_L'orgueil-dompte_<Aélys , Sidonia et la vieille dame-60>_4725",entendu de ce que je lui ai lu ! pensa
"Delly_L'orgueil-dompte_<Aélys , Sidonia et la vieille dame-60>_4730",lui ai lu ! pensa Seldorf avec stupéfaction . Voilà
"Delly_L'orgueil-dompte_<Aélys , Sidonia et la vieille dame-60>_4740",bien la première fois que je lui vois pareille distraction
"Delly_L'orgueil-dompte_<Aélys , Sidonia et la vieille dame-60>_4741",la première fois que je lui vois pareille distraction !
"Delly_L'orgueil-dompte_<Aélys , Sidonia et la vieille dame-60>_4747",vois pareille distraction ! Que lui prend - il ?
"Delly_L'orgueil-dompte_<Aélys , Sidonia et la vieille dame-60>_4749",distraction ! Que lui prend - il ? Est -
"Delly_L'orgueil-dompte_<Aélys , Sidonia et la vieille dame-60>_4771","première , le privilège de le faire rêver ? »"
"Delly_L'orgueil-dompte_<Aélys , Sidonia et la vieille dame-60>_4804","la chapelle du palais , elle prenait sa leçon d'"
"Delly_L'orgueil-dompte_<Aélys , Sidonia et la vieille dame-60>_4806","du palais , elle prenait sa leçon d' équitation avec"
"Delly_L'orgueil-dompte_<Aélys , Sidonia et la vieille dame-60>_4817","écuyer du palais , puis faisait , seule , une"
"Delly_L'orgueil-dompte_<Aélys , Sidonia et la vieille dame-60>_4830","jardins . Après quoi , elle travaillait à quelque ouvrage"
"Delly_L'orgueil-dompte_<Aélys , Sidonia et la vieille dame-60>_4859",en tête à tête avec le prince . Le repas
"Delly_L'orgueil-dompte_<Aélys , Sidonia et la vieille dame-60>_4866",". Le repas terminé , Lothaire l' emmenait dans le"
"Delly_L'orgueil-dompte_<Aélys , Sidonia et la vieille dame-60>_4867","Le repas terminé , Lothaire l' emmenait dans le salon"
"Delly_L'orgueil-dompte_<Aélys , Sidonia et la vieille dame-60>_4875","le salon de musique , la faisait jouer seule ou"
"Delly_L'orgueil-dompte_<Aélys , Sidonia et la vieille dame-60>_4881","faisait jouer seule ou avec lui , puis ensuite chanter"
"Delly_L'orgueil-dompte_<Aélys , Sidonia et la vieille dame-60>_4888","puis ensuite chanter . Quand il la quittait , elle"
"Delly_L'orgueil-dompte_<Aélys , Sidonia et la vieille dame-60>_4889","ensuite chanter . Quand il la quittait , elle avait"
"Delly_L'orgueil-dompte_<Aélys , Sidonia et la vieille dame-60>_4892","Quand il la quittait , elle avait quelques moments de"
"Delly_L'orgueil-dompte_<Aélys , Sidonia et la vieille dame-60>_4906",la promenade en voiture où l' accompagnaient toujours la dame
"Delly_L'orgueil-dompte_<Aélys , Sidonia et la vieille dame-60>_4959","jardins . Après quoi , Aélys se retirait chez elle"
"Delly_L'orgueil-dompte_<Aélys , Sidonia et la vieille dame-60>_4963",", Aélys se retirait chez elle , lisait , dessinait"
"Delly_L'orgueil-dompte_<Aélys , Sidonia et la vieille dame-60>_4965","se retirait chez elle , lisait , dessinait ou faisait"
"Delly_L'orgueil-dompte_<Aélys , Sidonia et la vieille dame-60>_4969",", lisait , dessinait ou faisait de la musique ."
"Delly_L'orgueil-dompte_<Aélys , Sidonia et la vieille dame-60>_4992",sculptés comme une dentelle . Le prince et sa femme
"Delly_L'orgueil-dompte_<Aélys , Sidonia et la vieille dame-60>_4995",dentelle . Le prince et sa femme le prenaient en
"Delly_L'orgueil-dompte_<Aélys , Sidonia et la vieille dame-60>_5023","le salon des Nymphes . Le prince , parfois ,"
"Delly_L'orgueil-dompte_<Aélys , Sidonia et la vieille dame-60>_5045","quelques instants de conversation , il se retirait dans son"
"Delly_L'orgueil-dompte_<Aélys , Sidonia et la vieille dame-60>_5049",", il se retirait dans son appartement . Aélys n'"
"Delly_L'orgueil-dompte_<Aélys , Sidonia et la vieille dame-60>_5052",retirait dans son appartement . Aélys n' osait l' imiter
"Delly_L'orgueil-dompte_<Aélys , Sidonia et la vieille dame-60>_5055",appartement . Aélys n' osait l' imiter . La princesse
"Delly_L'orgueil-dompte_<Aélys , Sidonia et la vieille dame-60>_5065","Jutta , très aimable , la retenait . On lui"
"Delly_L'orgueil-dompte_<Aélys , Sidonia et la vieille dame-60>_5069",", la retenait . On lui demandait de se faire"
"Delly_L'orgueil-dompte_<Aélys , Sidonia et la vieille dame-60>_5088","sur ce dernier point , elle avait reçu interdiction formelle"
"Delly_L'orgueil-dompte_<Aélys , Sidonia et la vieille dame-60>_5100",". – Refuse , car je ne veux pas que"
"Delly_L'orgueil-dompte_<Aélys , Sidonia et la vieille dame-60>_5105","je ne veux pas que tu abîmes ta voix ,"
"Delly_L'orgueil-dompte_<Aélys , Sidonia et la vieille dame-60>_5107","veux pas que tu abîmes ta voix , lui avait"
"Delly_L'orgueil-dompte_<Aélys , Sidonia et la vieille dame-60>_5110","tu abîmes ta voix , lui avait - il déclaré"
"Delly_L'orgueil-dompte_<Aélys , Sidonia et la vieille dame-60>_5112","ta voix , lui avait - il déclaré . Aélys"
"Delly_L'orgueil-dompte_<Aélys , Sidonia et la vieille dame-60>_5116",avait - il déclaré . Aélys se demandait quelle influence
"Delly_L'orgueil-dompte_<Aélys , Sidonia et la vieille dame-60>_5153",des Nymphes . Mais comme il lui importait peu d'
"Delly_L'orgueil-dompte_<Aélys , Sidonia et la vieille dame-60>_5154",Nymphes . Mais comme il lui importait peu d' opposer
"Delly_L'orgueil-dompte_<Aélys , Sidonia et la vieille dame-60>_5167","la princesse Jutta , qui lui demeurait toujours antipathique ,"
"Delly_L'orgueil-dompte_<Aélys , Sidonia et la vieille dame-60>_5172","lui demeurait toujours antipathique , elle n' avait pas cherché"
"Delly_L'orgueil-dompte_<Aélys , Sidonia et la vieille dame-60>_5185",motif de cette volonté de Lothaire et s' y conformait
"Delly_L'orgueil-dompte_<Aélys , Sidonia et la vieille dame-60>_5187",cette volonté de Lothaire et s' y conformait strictement .
"Delly_L'orgueil-dompte_<Aélys , Sidonia et la vieille dame-60>_5231",qui étaient la distraction favorite du prince Lothaire . Une
"Delly_L'orgueil-dompte_<Aélys , Sidonia et la vieille dame-60>_5240","Une douzaine de jours après son installation à Sôhnthal ,"
"Delly_L'orgueil-dompte_<Aélys , Sidonia et la vieille dame-60>_5245","son installation à Sôhnthal , Aélys assista à l' une"
"Delly_L'orgueil-dompte_<Aélys , Sidonia et la vieille dame-60>_5253",l' une d' elles . Son éducation d' écuyère n'
"Delly_L'orgueil-dompte_<Aélys , Sidonia et la vieille dame-60>_5262","n' étant pas terminée , elle la suivait en voiture"
"Delly_L'orgueil-dompte_<Aélys , Sidonia et la vieille dame-60>_5274","bonne comtesse Sareczy , sur sa demande , avait pris"
"Delly_L'orgueil-dompte_<Aélys , Sidonia et la vieille dame-60>_5282",avait pris place près d' elle . Mais l' hallali
"Delly_L'orgueil-dompte_<Aélys , Sidonia et la vieille dame-60>_5290",l' hallali impressionna si fortement la jeune princesse qu' elle
"Delly_L'orgueil-dompte_<Aélys , Sidonia et la vieille dame-60>_5310",d' aller attendre le retour du prince et de sa
"Delly_L'orgueil-dompte_<Aélys , Sidonia et la vieille dame-60>_5314",retour du prince et de sa suite près du pavillon
"Delly_L'orgueil-dompte_<Aélys , Sidonia et la vieille dame-60>_5383","ornés de trophées cynégétiques . Aélys , la comtesse Sareczy"
"Delly_L'orgueil-dompte_<Aélys , Sidonia et la vieille dame-60>_5417",". La conversation languissait , la jeune princesse faisant visiblement"
"Delly_L'orgueil-dompte_<Aélys , Sidonia et la vieille dame-60>_5435",", parfois , jetait sur elle un coup d' œil"
"Delly_L'orgueil-dompte_<Aélys , Sidonia et la vieille dame-60>_5445","de discrète compassion . Combien elle était délicieuse , pourtant"
"Delly_L'orgueil-dompte_<Aélys , Sidonia et la vieille dame-60>_5451","était délicieuse , pourtant , cette princesse Aélys ! Quelle"
"Delly_L'orgueil-dompte_<Aélys , Sidonia et la vieille dame-60>_5536",soupir en pensant : « Pauvre belle petite créature !
"Delly_L'orgueil-dompte_<Aélys , Sidonia et la vieille dame-60>_5577",terre et s' approcha de Sidonia pour l' aider à
"Delly_L'orgueil-dompte_<Aélys , Sidonia et la vieille dame-60>_5579",s' approcha de Sidonia pour l' aider à descendre .
"Delly_L'orgueil-dompte_<Aélys , Sidonia et la vieille dame-60>_5584","l' aider à descendre . Aélys s' était levée ,"
"Delly_L'orgueil-dompte_<Aélys , Sidonia et la vieille dame-60>_5596","pas au - devant de son mari . Rapidement ,"
"Delly_L'orgueil-dompte_<Aélys , Sidonia et la vieille dame-60>_5601","son mari . Rapidement , son regard enveloppait celui -"
"Delly_L'orgueil-dompte_<Aélys , Sidonia et la vieille dame-60>_5624","valeur la beauté blonde . Sidonia semblait radieuse , et"
"Delly_L'orgueil-dompte_<Aélys , Sidonia et la vieille dame-60>_5639",alluma dans les yeux qu' elle dirigeait vers Aélys .
"Delly_L'orgueil-dompte_<Aélys , Sidonia et la vieille dame-60>_5642",yeux qu' elle dirigeait vers Aélys . – T' es
"Delly_L'orgueil-dompte_<Aélys , Sidonia et la vieille dame-60>_5647","Aélys . – T' es - tu trouvée fatiguée ,"
"Delly_L'orgueil-dompte_<Aélys , Sidonia et la vieille dame-60>_5652","- tu trouvée fatiguée , mon enfant ?Lothaire se tournait"
"Delly_L'orgueil-dompte_<Aélys , Sidonia et la vieille dame-60>_5701",se servait maintenant souvent . Elle répondit sèchement :– Pas
"Delly_L'orgueil-dompte_<Aélys , Sidonia et la vieille dame-60>_5720",cette pauvre bête à bout m' était trop pénible .
"Delly_L'orgueil-dompte_<Aélys , Sidonia et la vieille dame-60>_5797","de prendre la main d' Aélys , une petite main"
"Delly_L'orgueil-dompte_<Aélys , Sidonia et la vieille dame-60>_5823","fort grand appétit . Et toi , Aélys ?– Non"
"Delly_L'orgueil-dompte_<Aélys , Sidonia et la vieille dame-60>_5825","appétit . Et toi , Aélys ?– Non , je"
"Delly_L'orgueil-dompte_<Aélys , Sidonia et la vieille dame-60>_5829",", Aélys ?– Non , je n' ai pas faim"
"Delly_L'orgueil-dompte_<Aélys , Sidonia et la vieille dame-60>_5836","ai pas faim , dit - elle du même ton"
"Delly_L'orgueil-dompte_<Aélys , Sidonia et la vieille dame-60>_5846","froid . Il jeta sur elle un rapide regard ,"
"Delly_L'orgueil-dompte_<Aélys , Sidonia et la vieille dame-60>_5869",frémissante . Puis il emmena la jeune femme jusqu' au
"Delly_L'orgueil-dompte_<Aélys , Sidonia et la vieille dame-60>_5912",à la table princière . Aélys eut le désagréable voisinage
"Delly_L'orgueil-dompte_<Aélys , Sidonia et la vieille dame-60>_5948","inspirait . En face d' elle , la jeune princesse"
"Delly_L'orgueil-dompte_<Aélys , Sidonia et la vieille dame-60>_5950","En face d' elle , la jeune princesse voyait Lothaire"
"Delly_L'orgueil-dompte_<Aélys , Sidonia et la vieille dame-60>_6009",n' adressa la parole à la toute jeune femme vêtue
"Delly_L'orgueil-dompte_<Aélys , Sidonia et la vieille dame-60>_6016","jeune femme vêtue de rose qui , d' un air"
"Delly_L'orgueil-dompte_<Aélys , Sidonia et la vieille dame-60>_6099",à causer avec Sidonia . Aélys cherchait du regard son
"Delly_L'orgueil-dompte_<Aélys , Sidonia et la vieille dame-60>_6103",. Aélys cherchait du regard son ombrelle et se souvint
"Delly_L'orgueil-dompte_<Aélys , Sidonia et la vieille dame-60>_6106",du regard son ombrelle et se souvint de l' avoir
"Delly_L'orgueil-dompte_<Aélys , Sidonia et la vieille dame-60>_6123","en salon de repos . Elle y entra , prit"
"Delly_L'orgueil-dompte_<Aélys , Sidonia et la vieille dame-60>_6127",". Elle y entra , prit l' ombrelle et s'"
"Delly_L'orgueil-dompte_<Aélys , Sidonia et la vieille dame-60>_6131",", prit l' ombrelle et s' approcha d' une porte"
"Delly_L'orgueil-dompte_<Aélys , Sidonia et la vieille dame-60>_6139",une porte ouverte . Devant elle s' ouvrait une allée
"Delly_L'orgueil-dompte_<Aélys , Sidonia et la vieille dame-60>_6152",. Et tout à coup lui vint le désir de
"Delly_L'orgueil-dompte_<Aélys , Sidonia et la vieille dame-60>_6191","d' exceptions près , ne lui inspirait qu' indifférence ou"
"Delly_L'orgueil-dompte_<Aélys , Sidonia et la vieille dame-60>_6262","de Croix - Givre , Aélys bondit hors du pavillon"
"Delly_L'orgueil-dompte_<Aélys , Sidonia et la vieille dame-60>_6269",hors du pavillon et s' enfonça dans l' ombre fraîche
"Delly_L'orgueil-dompte_<Aélys , Sidonia et la vieille dame-60>_6279","de l' allée . On la chercherait , dans un"
"Delly_L'orgueil-dompte_<Aélys , Sidonia et la vieille dame-60>_6291",. . quand viendrait pour elle le moment de remonter
"Delly_L'orgueil-dompte_<Aélys , Sidonia et la vieille dame-60>_6302",voiture . Tant pis ! Elle avait une irrésistible envie
"Delly_L'orgueil-dompte_<Aélys , Sidonia et la vieille dame-60>_6329","jours , pourtant , qu' elle vivait à Sôhnthal ."
"Delly_L'orgueil-dompte_<Aélys , Sidonia et la vieille dame-60>_6353","ne rien laisser voir de ses impatiences , de ses"
"Delly_L'orgueil-dompte_<Aélys , Sidonia et la vieille dame-60>_6357","de ses impatiences , de ses froissements , de la"
"Delly_L'orgueil-dompte_<Aélys , Sidonia et la vieille dame-60>_6367","souffrance mêlée de colère qui la serrait au cœur ,"
"Delly_L'orgueil-dompte_<Aélys , Sidonia et la vieille dame-60>_6376",", surtout quand , en sa présence , Lothaire manifestait"
"Delly_L'orgueil-dompte_<Aélys , Sidonia et la vieille dame-60>_6391","de Sidonia . Pourtant , elle savait bien qu' il"
"Delly_L'orgueil-dompte_<Aélys , Sidonia et la vieille dame-60>_6396","elle savait bien qu' il l' aimait , depuis longtemps"
"Delly_L'orgueil-dompte_<Aélys , Sidonia et la vieille dame-60>_6406",", depuis l' enfance . Elle savait à l' avance"
"Delly_L'orgueil-dompte_<Aélys , Sidonia et la vieille dame-60>_6412",savait à l' avance qu' Aélys de Croix - Givre
"Delly_L'orgueil-dompte_<Aélys , Sidonia et la vieille dame-60>_6420",- Givre ne serait que l' épouse supportée par déférence
"Delly_L'orgueil-dompte_<Aélys , Sidonia et la vieille dame-60>_6454",indifférence pour sa femme . Elle devrait même se trouver
"Delly_L'orgueil-dompte_<Aélys , Sidonia et la vieille dame-60>_6465","d' une telle attitude , elle qui avait repoussé avec"
"Delly_L'orgueil-dompte_<Aélys , Sidonia et la vieille dame-60>_6466","une telle attitude , elle qui avait repoussé avec tant"
"Delly_L'orgueil-dompte_<Aélys , Sidonia et la vieille dame-60>_6483",qu' il semblait prêt à lui donner . . .
"Delly_L'orgueil-dompte_<Aélys , Sidonia et la vieille dame-60>_6508",franc . . . et elle aimait mieux cela .
"Delly_L'orgueil-dompte_<Aélys , Sidonia et la vieille dame-60>_6526","quand il se fâcherait contre elle , pour cette escapade"
"Delly_L'orgueil-dompte_<Aélys , Sidonia et la vieille dame-60>_6545","cour , si formaliste . Elle préférait de beaucoup les"
"Delly_L'orgueil-dompte_<Aélys , Sidonia et la vieille dame-60>_6563","railleuse qu' il adoptait à son égard , et surtout"
"Delly_L'orgueil-dompte_<Aélys , Sidonia et la vieille dame-60>_6581","veloutée , parfois aperçue dans son regard , fugitive mais"
"Delly_L'orgueil-dompte_<Aélys , Sidonia et la vieille dame-60>_6589",fugitive mais si intense qu' elle en demeurait longtemps frémissante
"Delly_L'orgueil-dompte_<Aélys , Sidonia et la vieille dame-60>_6624",fâche donc ! » songeait - elle en secouant énergiquement
"Delly_L'orgueil-dompte_<Aélys , Sidonia et la vieille dame-60>_6629","- elle en secouant énergiquement sa tête bouclée , comme"
"Delly_L'orgueil-dompte_<Aélys , Sidonia et la vieille dame-60>_6634","sa tête bouclée , comme elle le faisait aux jours"
"Delly_L'orgueil-dompte_<Aélys , Sidonia et la vieille dame-60>_6640","le faisait aux jours de son enfance , quand elle"
"Delly_L'orgueil-dompte_<Aélys , Sidonia et la vieille dame-60>_6644","de son enfance , quand elle échappait à la surveillance"
"Delly_L'orgueil-dompte_<Aélys , Sidonia et la vieille dame-60>_6661",- midi d' été où elle avait subrepticement gagné le
"Delly_L'orgueil-dompte_<Aélys , Sidonia et la vieille dame-60>_6680","» . D' ailleurs , elle avait un but à"
"Delly_L'orgueil-dompte_<Aélys , Sidonia et la vieille dame-60>_6700","en voiture au pavillon , elle avait aperçu non loin"
"Delly_L'orgueil-dompte_<Aélys , Sidonia et la vieille dame-60>_6716","de garde . Or , elle voulait la retrouver pour"
"Delly_L'orgueil-dompte_<Aélys , Sidonia et la vieille dame-60>_6751",pour obtenir ce renseignement . Elle se souvenait trop bien
"Delly_L'orgueil-dompte_<Aélys , Sidonia et la vieille dame-60>_6806",". Vraiment , n' allait - elle pas se perdre"
"Delly_L'orgueil-dompte_<Aélys , Sidonia et la vieille dame-60>_6820","bout de quelque temps , elle dut s' avouer que"
"Delly_L'orgueil-dompte_<Aélys , Sidonia et la vieille dame-60>_6830",ce résultat était atteint . Elle ne se rendait plus
"Delly_L'orgueil-dompte_<Aélys , Sidonia et la vieille dame-60>_6858",pavillon de chasse . « Je finirai toujours bien par
"Delly_L'orgueil-dompte_<Aélys , Sidonia et la vieille dame-60>_6882",par rencontrer quelqu' un pour me remettre en bon chemin
"Delly_L'orgueil-dompte_<Aélys , Sidonia et la vieille dame-60>_6891","chemin , pensa - t - elle philosophiquement . Là"
"Delly_L'orgueil-dompte_<Aélys , Sidonia et la vieille dame-60>_6909",", mais pas inquiet . Je n' ai donc qu'"
"Delly_L'orgueil-dompte_<Aélys , Sidonia et la vieille dame-60>_6946","d' envahir la forêt . Aélys , si bonne marcheuse"
"Delly_L'orgueil-dompte_<Aélys , Sidonia et la vieille dame-60>_6952",", si bonne marcheuse qu' elle fût , se sentait"
"Delly_L'orgueil-dompte_<Aélys , Sidonia et la vieille dame-60>_6960",se sentait fort lasse et devenait un peu inquiète .
"Delly_L'orgueil-dompte_<Aélys , Sidonia et la vieille dame-60>_6977",aspect de la forêt . Aélys se souvenait que Lothaire
"Delly_L'orgueil-dompte_<Aélys , Sidonia et la vieille dame-60>_6998","moindre bruit , maintenant , lui donnait un petit frisson"
"Delly_L'orgueil-dompte_<Aélys , Sidonia et la vieille dame-60>_7004","donnait un petit frisson . Elle sentait en outre ,"
"Delly_L'orgueil-dompte_<Aélys , Sidonia et la vieille dame-60>_7010","sentait en outre , sur ses épaules couvertes d' une"
"Delly_L'orgueil-dompte_<Aélys , Sidonia et la vieille dame-60>_7058",difficultés . L' agilité d' Aélys avait raison d' obstacles
"Delly_L'orgueil-dompte_<Aélys , Sidonia et la vieille dame-60>_7072",d' autres insurmontables ; mais la jeune femme se demandait
"Delly_L'orgueil-dompte_<Aélys , Sidonia et la vieille dame-60>_7086","dans l' ombre envahissante , elle allait pouvoir continuer d'"
"Delly_L'orgueil-dompte_<Aélys , Sidonia et la vieille dame-60>_7097",". Depuis un moment , elle entendait un bruit familier"
"Delly_L'orgueil-dompte_<Aélys , Sidonia et la vieille dame-60>_7103",entendait un bruit familier pour elle : celui que produit
"Delly_L'orgueil-dompte_<Aélys , Sidonia et la vieille dame-60>_7122","Bientôt , en effet , elle se trouva au bord"
"Delly_L'orgueil-dompte_<Aélys , Sidonia et la vieille dame-60>_7217",encore de jour permit à Aélys de distinguer d' un
"Delly_L'orgueil-dompte_<Aélys , Sidonia et la vieille dame-60>_7228",d' œil ces détails . Elle pensa avec un soudain
"Delly_L'orgueil-dompte_<Aélys , Sidonia et la vieille dame-60>_7252","Et , très vite , elle s' engagea sur le"
"Delly_L'orgueil-dompte_<Aélys , Sidonia et la vieille dame-60>_7260",sur le pont . Mais elle s' aperçut presque aussitôt
"Delly_L'orgueil-dompte_<Aélys , Sidonia et la vieille dame-60>_7280","une grille . Vainement , elle essaya de l' ouvrir"
"Delly_L'orgueil-dompte_<Aélys , Sidonia et la vieille dame-60>_7288","l' ouvrir . Alors , elle appela , à plusieurs"
"Delly_L'orgueil-dompte_<Aélys , Sidonia et la vieille dame-60>_7299",". À un moment , elle eut la vision d'"
"Delly_L'orgueil-dompte_<Aélys , Sidonia et la vieille dame-60>_7329",fer rouillé demeura close . Aélys revint sur ses pas
"Delly_L'orgueil-dompte_<Aélys , Sidonia et la vieille dame-60>_7332",close . Aélys revint sur ses pas . En dépit
"Delly_L'orgueil-dompte_<Aélys , Sidonia et la vieille dame-60>_7338","pas . En dépit de son énergie , le découragement"
"Delly_L'orgueil-dompte_<Aélys , Sidonia et la vieille dame-60>_7343","son énergie , le découragement la gagnait . Maintenant ,"
"Delly_L'orgueil-dompte_<Aélys , Sidonia et la vieille dame-60>_7375","demeure . Au matin , elle essaierait encore de retrouver"
"Delly_L'orgueil-dompte_<Aélys , Sidonia et la vieille dame-60>_7380",elle essaierait encore de retrouver sa route . À l'
"Delly_L'orgueil-dompte_<Aélys , Sidonia et la vieille dame-60>_7387",". À l' instant où elle prenait cette résolution ,"
"Delly_L'orgueil-dompte_<Aélys , Sidonia et la vieille dame-60>_7392","elle prenait cette résolution , son nom retentit , répété"
"Delly_L'orgueil-dompte_<Aélys , Sidonia et la vieille dame-60>_7402",à plusieurs reprises : « Aélys ! Aélys ! .
"Delly_L'orgueil-dompte_<Aélys , Sidonia et la vieille dame-60>_7404",reprises : « Aélys ! Aélys ! . . .
"Delly_L'orgueil-dompte_<Aélys , Sidonia et la vieille dame-60>_7412",". . »Enfin , on la cherchait ! Bien vite"
"Delly_L'orgueil-dompte_<Aélys , Sidonia et la vieille dame-60>_7418","cherchait ! Bien vite , elle cria , le plus"
"Delly_L'orgueil-dompte_<Aélys , Sidonia et la vieille dame-60>_7425",", le plus fort qu' elle put . Et ,"
"Delly_L'orgueil-dompte_<Aélys , Sidonia et la vieille dame-60>_7441",de la futaie jusqu' à la jeune femme . Il
"Delly_L'orgueil-dompte_<Aélys , Sidonia et la vieille dame-60>_7446",la jeune femme . Il la saisit avec une sorte
"Delly_L'orgueil-dompte_<Aélys , Sidonia et la vieille dame-60>_7468","– de colère , pensa Aélys , malgré tout impressionnée"
"Delly_L'orgueil-dompte_<Aélys , Sidonia et la vieille dame-60>_7493",le châtiment :– Pourquoi es - tu partie ? Que
"Delly_L'orgueil-dompte_<Aélys , Sidonia et la vieille dame-60>_7499",tu partie ? Que faisais - tu ici ?Aélys essaya
"Delly_L'orgueil-dompte_<Aélys , Sidonia et la vieille dame-60>_7511",dégager de ces bras qui l' enserraient si fort que
"Delly_L'orgueil-dompte_<Aélys , Sidonia et la vieille dame-60>_7518",si fort que la respiration lui manquait presque . –
"Delly_L'orgueil-dompte_<Aélys , Sidonia et la vieille dame-60>_7523",lui manquait presque . – Je voulais faire un petit
"Delly_L'orgueil-dompte_<Aélys , Sidonia et la vieille dame-60>_7536",forêt . . . et je me suis perdue .
"Delly_L'orgueil-dompte_<Aélys , Sidonia et la vieille dame-60>_7544",perdue . . . Laissez - moi . . .
"Delly_L'orgueil-dompte_<Aélys , Sidonia et la vieille dame-60>_7549",- moi . . . vous me faites mal !Elle
"Delly_L'orgueil-dompte_<Aélys , Sidonia et la vieille dame-60>_7550",moi . . . vous me faites mal !Elle rejetait
"Delly_L'orgueil-dompte_<Aélys , Sidonia et la vieille dame-60>_7565","mouvement brusque et farouche , son visage qu' effleurait un"
"Delly_L'orgueil-dompte_<Aélys , Sidonia et la vieille dame-60>_7573",effleurait un souffle ardent . Ses yeux rencontrèrent ceux de
"Delly_L'orgueil-dompte_<Aélys , Sidonia et la vieille dame-60>_7599",pour une pareille escapade ! Tu n' as donc pas
"Delly_L'orgueil-dompte_<Aélys , Sidonia et la vieille dame-60>_7607",donc pas songé qu' on te chercherait . . .
"Delly_L'orgueil-dompte_<Aélys , Sidonia et la vieille dame-60>_7647","l' émotion ! Heureusement , elle ne s' y trompait"
"Delly_L'orgueil-dompte_<Aélys , Sidonia et la vieille dame-60>_7658",", maintenant !– Qu' on me chercherait , oui ."
"Delly_L'orgueil-dompte_<Aélys , Sidonia et la vieille dame-60>_7666",oui . . . mais je savais bien que l'
"Delly_L'orgueil-dompte_<Aélys , Sidonia et la vieille dame-60>_7677",n' existerait pas . Et j' ai eu tout à
"Delly_L'orgueil-dompte_<Aélys , Sidonia et la vieille dame-60>_7687",coup le grand désir de me trouver seule dans la
"Delly_L'orgueil-dompte_<Aélys , Sidonia et la vieille dame-60>_7704","- Givre . Certainement , j' ai eu tort d'"
"Delly_L'orgueil-dompte_<Aélys , Sidonia et la vieille dame-60>_7715",céder . . . – Tu n' avais qu' à
"Delly_L'orgueil-dompte_<Aélys , Sidonia et la vieille dame-60>_7729","ce désir , et je t' aurais donné un guide"
"Delly_L'orgueil-dompte_<Aélys , Sidonia et la vieille dame-60>_7737","un guide discret , qui t' aurait laissé l' illusion"
"Delly_L'orgueil-dompte_<Aélys , Sidonia et la vieille dame-60>_7752",j' espère que la leçon te servira . . .
"Delly_L'orgueil-dompte_<Aélys , Sidonia et la vieille dame-60>_7768","plus grave , car je t' ai retrouvée relativement assez"
"Delly_L'orgueil-dompte_<Aélys , Sidonia et la vieille dame-60>_7778",vite . . . Mais tu parais grelotter ? Viens
"Delly_L'orgueil-dompte_<Aélys , Sidonia et la vieille dame-60>_7798","du palais , heureusement !Comme il avait desserré un peu"
"Delly_L'orgueil-dompte_<Aélys , Sidonia et la vieille dame-60>_7803","il avait desserré un peu son étreinte , Aélys en"
"Delly_L'orgueil-dompte_<Aélys , Sidonia et la vieille dame-60>_7806","un peu son étreinte , Aélys en profita pour s'"
"Delly_L'orgueil-dompte_<Aélys , Sidonia et la vieille dame-60>_7813",profita pour s' écarter . Elle se mit à marcher
"Delly_L'orgueil-dompte_<Aélys , Sidonia et la vieille dame-60>_7820","mit à marcher près de lui , en refusant le"
"Delly_L'orgueil-dompte_<Aélys , Sidonia et la vieille dame-60>_7827",en refusant le bras qu' il lui offrait . Mais
"Delly_L'orgueil-dompte_<Aélys , Sidonia et la vieille dame-60>_7828","refusant le bras qu' il lui offrait . Mais ,"
"Delly_L'orgueil-dompte_<Aélys , Sidonia et la vieille dame-60>_7835",". Mais , bientôt , elle dut lui demander de"
"Delly_L'orgueil-dompte_<Aélys , Sidonia et la vieille dame-60>_7837",", bientôt , elle dut lui demander de ralentir le"
"Delly_L'orgueil-dompte_<Aélys , Sidonia et la vieille dame-60>_7845","ralentir le pas , car elle se sentait exténuée par"
"Delly_L'orgueil-dompte_<Aélys , Sidonia et la vieille dame-60>_7850",elle se sentait exténuée par sa précédente marche de plusieurs
"Delly_L'orgueil-dompte_<Aélys , Sidonia et la vieille dame-60>_7863","forêt . – Oui , je vois cela , tu"
"Delly_L'orgueil-dompte_<Aélys , Sidonia et la vieille dame-60>_7867",", je vois cela , tu n' en peux plus"
"Delly_L'orgueil-dompte_<Aélys , Sidonia et la vieille dame-60>_7882",. . . Avant qu' Aélys eût pu prévoir son
"Delly_L'orgueil-dompte_<Aélys , Sidonia et la vieille dame-60>_7886","qu' Aélys eût pu prévoir son dessein , il l'"
"Delly_L'orgueil-dompte_<Aélys , Sidonia et la vieille dame-60>_7889","pu prévoir son dessein , il l' enlevait entre ses"
"Delly_L'orgueil-dompte_<Aélys , Sidonia et la vieille dame-60>_7890","prévoir son dessein , il l' enlevait entre ses bras"
"Delly_L'orgueil-dompte_<Aélys , Sidonia et la vieille dame-60>_7893",", il l' enlevait entre ses bras et l' emportait"
"Delly_L'orgueil-dompte_<Aélys , Sidonia et la vieille dame-60>_7896",enlevait entre ses bras et l' emportait sans écouter ses
"Delly_L'orgueil-dompte_<Aélys , Sidonia et la vieille dame-60>_7897",entre ses bras et l' emportait sans écouter ses protestations
"Delly_L'orgueil-dompte_<Aélys , Sidonia et la vieille dame-60>_7900","et l' emportait sans écouter ses protestations , en courant"
"Delly_L'orgueil-dompte_<Aélys , Sidonia et la vieille dame-60>_7910",presque dans les sentiers où il se dirigeait avec une
"Delly_L'orgueil-dompte_<Aélys , Sidonia et la vieille dame-60>_7929",proches en effet . Quand il fut en vue du
"Delly_L'orgueil-dompte_<Aélys , Sidonia et la vieille dame-60>_7936","en vue du palais , il mit la jeune femme"
"Delly_L'orgueil-dompte_<Aélys , Sidonia et la vieille dame-60>_7938","du palais , il mit la jeune femme à terre"
"Delly_L'orgueil-dompte_<Aélys , Sidonia et la vieille dame-60>_7949",", sans un mot , se dirigea avec elle vers"
"Delly_L'orgueil-dompte_<Aélys , Sidonia et la vieille dame-60>_7952","mot , se dirigea avec elle vers l' aile des"
"Delly_L'orgueil-dompte_<Aélys , Sidonia et la vieille dame-60>_7975",", à la vue d' Aélys , fit un grand"
"Delly_L'orgueil-dompte_<Aélys , Sidonia et la vieille dame-60>_7991",– Veillez à ce que la princesse soit promptement réchauffée
"Delly_L'orgueil-dompte_<Aélys , Sidonia et la vieille dame-60>_8006",fraîcheur de la forêt paraît l' avoir pénétrée . .
"Delly_L'orgueil-dompte_<Aélys , Sidonia et la vieille dame-60>_8012","avoir pénétrée . . . Soigne - toi bien ,"
"Delly_L'orgueil-dompte_<Aélys , Sidonia et la vieille dame-60>_8013","pénétrée . . . Soigne - toi bien , Aélys"
"Delly_L'orgueil-dompte_<Aélys , Sidonia et la vieille dame-60>_8017","Soigne - toi bien , Aélys . Je te dispense"
"Delly_L'orgueil-dompte_<Aélys , Sidonia et la vieille dame-60>_8019","toi bien , Aélys . Je te dispense d' assister"
"Delly_L'orgueil-dompte_<Aélys , Sidonia et la vieille dame-60>_8020","bien , Aélys . Je te dispense d' assister au"
"Delly_L'orgueil-dompte_<Aélys , Sidonia et la vieille dame-60>_8034",". Sur ces mots , Lothaire prit la main de"
"Delly_L'orgueil-dompte_<Aélys , Sidonia et la vieille dame-60>_8039","Lothaire prit la main de sa femme , l' effleura"
"Delly_L'orgueil-dompte_<Aélys , Sidonia et la vieille dame-60>_8042","main de sa femme , l' effleura très rapidement de"
"Delly_L'orgueil-dompte_<Aélys , Sidonia et la vieille dame-60>_8043","de sa femme , l' effleura très rapidement de ses"
"Delly_L'orgueil-dompte_<Aélys , Sidonia et la vieille dame-60>_8047",l' effleura très rapidement de ses lèvres et se dirigea
"Delly_L'orgueil-dompte_<Aélys , Sidonia et la vieille dame-60>_8050",rapidement de ses lèvres et se dirigea vers son appartement
"Delly_L'orgueil-dompte_<Aélys , Sidonia et la vieille dame-60>_8051",de ses lèvres et se dirigea vers son appartement .
"Delly_L'orgueil-dompte_<Aélys , Sidonia et la vieille dame-60>_8057",vers son appartement . – Altesse . . . quelle
"Delly_L'orgueil-dompte_<Aélys , Sidonia et la vieille dame-60>_8068",! quelle aventure ! dit la dame d' honneur avec
"Delly_L'orgueil-dompte_<Aélys , Sidonia et la vieille dame-60>_8084","trop dramatique , jugea instantanément Aélys . – Je regrette"
"Delly_L'orgueil-dompte_<Aélys , Sidonia et la vieille dame-60>_8087",jugea instantanément Aélys . – Je regrette d' avoir occasionné
"Delly_L'orgueil-dompte_<Aélys , Sidonia et la vieille dame-60>_8096","occasionné quelque dérangement , répliqua la jeune femme d' un"
"Delly_L'orgueil-dompte_<Aélys , Sidonia et la vieille dame-60>_8117",", dont la tiédeur parfumée lui donna un frisson de"
"Delly_L'orgueil-dompte_<Aélys , Sidonia et la vieille dame-60>_8134","! Dites un bouleversement , Altesse ! Pensez donc ,"
"Delly_L'orgueil-dompte_<Aélys , Sidonia et la vieille dame-60>_8141","Pensez donc , lorsqu' on vous a cherchée en vain"
"Delly_L'orgueil-dompte_<Aélys , Sidonia et la vieille dame-60>_8166",contrarié . . . Quand je l' ai vu partir
"Delly_L'orgueil-dompte_<Aélys , Sidonia et la vieille dame-60>_8178","même à la recherche de Votre Altesse , j' ai"
"Delly_L'orgueil-dompte_<Aélys , Sidonia et la vieille dame-60>_8181","recherche de Votre Altesse , j' ai tremblé . ."
"Delly_L'orgueil-dompte_<Aélys , Sidonia et la vieille dame-60>_8198","physionomie fatiguée , altérée de la jeune princesse . Avec"
"Delly_L'orgueil-dompte_<Aélys , Sidonia et la vieille dame-60>_8208","la même froideur polie , Aélys répondit :– Je vous"
"Delly_L'orgueil-dompte_<Aélys , Sidonia et la vieille dame-60>_8211","polie , Aélys répondit :– Je vous remercie de votre"
"Delly_L'orgueil-dompte_<Aélys , Sidonia et la vieille dame-60>_8212",", Aélys répondit :– Je vous remercie de votre intérêt"
"Delly_L'orgueil-dompte_<Aélys , Sidonia et la vieille dame-60>_8215",":– Je vous remercie de votre intérêt , madame ."
"Delly_L'orgueil-dompte_<Aélys , Sidonia et la vieille dame-60>_8218","remercie de votre intérêt , madame . Mais cette petite"
"Delly_L'orgueil-dompte_<Aélys , Sidonia et la vieille dame-60>_8230","qui était un enfantillage de ma part , je le"
"Delly_L'orgueil-dompte_<Aélys , Sidonia et la vieille dame-60>_8233","enfantillage de ma part , je le reconnais – s'"
"Delly_L'orgueil-dompte_<Aélys , Sidonia et la vieille dame-60>_8249",- en la Providence qui m' a épargné l' épreuve
"Delly_L'orgueil-dompte_<Aélys , Sidonia et la vieille dame-60>_8283","la maîtrise de soi , cette petite jeune femme !"
"Delly_L'orgueil-dompte_<Aélys , Sidonia et la vieille dame-60>_8296",la dame d' honneur à la princesse Jutta et au
"Delly_L'orgueil-dompte_<Aélys , Sidonia et la vieille dame-60>_8316","dîner , du retour d' Aélys . Il paraît bien"
"Delly_L'orgueil-dompte_<Aélys , Sidonia et la vieille dame-60>_8325",bien certain que le prince lui a fait des reproches
"Delly_L'orgueil-dompte_<Aélys , Sidonia et la vieille dame-60>_8335","probablement très durs , mais elle n' en a rien"
"Delly_L'orgueil-dompte_<Aélys , Sidonia et la vieille dame-60>_8347",". . . Sidonia , qui se trouvait présente à"
"Delly_L'orgueil-dompte_<Aélys , Sidonia et la vieille dame-60>_8357","l' entretien , dit entre ses dents :– Lui en"
"Delly_L'orgueil-dompte_<Aélys , Sidonia et la vieille dame-60>_8360",dit entre ses dents :– Lui en a - t
"Delly_L'orgueil-dompte_<Aélys , Sidonia et la vieille dame-60>_8384",":– Comment , s' il lui en a fait ?"
"Delly_L'orgueil-dompte_<Aélys , Sidonia et la vieille dame-60>_8389",lui en a fait ? Tu ne penses pas qu'
"Delly_L'orgueil-dompte_<Aélys , Sidonia et la vieille dame-60>_8407","vraiment inouïe , sans traiter cette jeune folle comme elle"
"Delly_L'orgueil-dompte_<Aélys , Sidonia et la vieille dame-60>_8411",traiter cette jeune folle comme elle le méritait ? Nous
"Delly_L'orgueil-dompte_<Aélys , Sidonia et la vieille dame-60>_8425",pour imaginer le contraire !– Je pense . . .
"Delly_L'orgueil-dompte_<Aélys , Sidonia et la vieille dame-60>_8430",Je pense . . . je pense qu' elle est
"Delly_L'orgueil-dompte_<Aélys , Sidonia et la vieille dame-60>_8433",. . je pense qu' elle est abominablement jolie .
"Delly_L'orgueil-dompte_<Aélys , Sidonia et la vieille dame-60>_8440","abominablement jolie . . . Sidonia se redressait , les"
"Delly_L'orgueil-dompte_<Aélys , Sidonia et la vieille dame-60>_8456",". – . . . Je la regardais , pendant"
"Delly_L'orgueil-dompte_<Aélys , Sidonia et la vieille dame-60>_8457","– . . . Je la regardais , pendant le"
"Delly_L'orgueil-dompte_<Aélys , Sidonia et la vieille dame-60>_8466","le déjeuner . . . Je me disais que ,"
"Delly_L'orgueil-dompte_<Aélys , Sidonia et la vieille dame-60>_8473","disais que , dès qu' elle le voudra , elle"
"Delly_L'orgueil-dompte_<Aélys , Sidonia et la vieille dame-60>_8477","qu' elle le voudra , elle prendra l' homme le"
"Delly_L'orgueil-dompte_<Aélys , Sidonia et la vieille dame-60>_8509",il est parti promptement à sa recherche !– Ceci est
"Delly_L'orgueil-dompte_<Aélys , Sidonia et la vieille dame-60>_8528",", songez - y , mon enfant . – Ah"
"Delly_L'orgueil-dompte_<Aélys , Sidonia et la vieille dame-60>_8537",Ah ! c' est que je la hais tant !
"Delly_L'orgueil-dompte_<Aélys , Sidonia et la vieille dame-60>_8538",! c' est que je la hais tant ! Et
"Delly_L'orgueil-dompte_<Aélys , Sidonia et la vieille dame-60>_8543",la hais tant ! Et je la crains . .
"Delly_L'orgueil-dompte_<Aélys , Sidonia et la vieille dame-60>_8544",hais tant ! Et je la crains . . .
"Delly_L'orgueil-dompte_<Aélys , Sidonia et la vieille dame-60>_8549",la crains . . . je vous dis que je
"Delly_L'orgueil-dompte_<Aélys , Sidonia et la vieille dame-60>_8553",. je vous dis que je la crains ! murmura
"Delly_L'orgueil-dompte_<Aélys , Sidonia et la vieille dame-60>_8554",je vous dis que je la crains ! murmura Sidonia
"Delly_L'orgueil-dompte_<Aélys , Sidonia et la vieille dame-60>_8558",je la crains ! murmura Sidonia avec un accent d'
"Delly_L'orgueil-dompte_<Aélys , Sidonia et la vieille dame-60>_8580","Nymphes où venait d' apparaître son neveu , la princesse"
"Delly_L'orgueil-dompte_<Aélys , Sidonia et la vieille dame-60>_8583","d' apparaître son neveu , la princesse Jutta s' informa"
"Delly_L'orgueil-dompte_<Aélys , Sidonia et la vieille dame-60>_8590",Jutta s' informa discrètement d' Aélys . Lothaire répondit avec
"Delly_L'orgueil-dompte_<Aélys , Sidonia et la vieille dame-60>_8601",léger sourire d' ironie :– La voilà rentrée au bercail
"Delly_L'orgueil-dompte_<Aélys , Sidonia et la vieille dame-60>_8609",au bercail . . . Cette petite dryade avait sans
"Delly_L'orgueil-dompte_<Aélys , Sidonia et la vieille dame-60>_8624","forêt . Maintenant , il lui faut du repos ,"
"Delly_L'orgueil-dompte_<Aélys , Sidonia et la vieille dame-60>_8631","du repos , car je l' ai trouvée exténuée ."
"Delly_L'orgueil-dompte_<Aélys , Sidonia et la vieille dame-60>_8638",trouvée exténuée . Aussi ne la verrons - nous pas
"Delly_L'orgueil-dompte_<Aélys , Sidonia et la vieille dame-60>_8652",". À l' oreille de son père , qui se"
"Delly_L'orgueil-dompte_<Aélys , Sidonia et la vieille dame-60>_8663","en ce moment près d' elle , Sidonia murmura :–"
"Delly_L'orgueil-dompte_<Aélys , Sidonia et la vieille dame-60>_8665","moment près d' elle , Sidonia murmura :– Cette indulgence"
"Delly_L'orgueil-dompte_<Aélys , Sidonia et la vieille dame-60>_8694",comte répliqua :– Mais qui te dit que cette incartade
"Delly_L'orgueil-dompte_<Aélys , Sidonia et la vieille dame-60>_8703",incartade est pardonnée ? Qui te dit que si elle
"Delly_L'orgueil-dompte_<Aélys , Sidonia et la vieille dame-60>_8707",Qui te dit que si elle ne paraît pas au
"Delly_L'orgueil-dompte_<Aélys , Sidonia et la vieille dame-60>_8722","n' est point parce qu' elle est punie , comme"
"Delly_L'orgueil-dompte_<Aélys , Sidonia et la vieille dame-60>_8734",", ainsi que paraît vouloir la traiter Son Altesse ?Sidonia"
"Delly_L'orgueil-dompte_<Aélys , Sidonia et la vieille dame-60>_8743",?Sidonia hocha la tête . Elle ne paraissait pas convaincue
"Delly_L'orgueil-dompte_<Aélys , Sidonia et la vieille dame-60>_8750",paraissait pas convaincue . Mais elle se rasséréna un peu
"Delly_L'orgueil-dompte_<Aélys , Sidonia et la vieille dame-60>_8780",un violent mécontentement . Et elle se consola un peu
"Delly_L'orgueil-dompte_<Aélys , Sidonia et la vieille dame-60>_8810",cette humeur si redoutée sur la jeune coupable – la
"Delly_L'orgueil-dompte_<Aélys , Sidonia et la vieille dame-60>_8831",", on savait maintenant que la jeune princesse , quelque"
"Delly_L'orgueil-dompte_<Aélys , Sidonia et la vieille dame-60>_8845","fait , était délaissée de son mari , et que"
"Delly_L'orgueil-dompte_<Aélys , Sidonia et la vieille dame-60>_8916","et sa fille . – Une si ravissante créature ,"
"Delly_L'orgueil-dompte_<Aélys , Sidonia et la vieille dame-60>_8923","ravissante créature , pourtant , cette princesse Aélys ! disaient"
"Delly_L'orgueil-dompte_<Aélys , Sidonia et la vieille dame-60>_8935",gens avec stupéfaction . – Ce n' est qu' une
"Delly_L'orgueil-dompte_<Aélys , Sidonia et la vieille dame-60>_8962",intention par les familiers de la princesse Jutta . Le
"Delly_L'orgueil-dompte_<Aélys , Sidonia et la vieille dame-60>_8968","princesse Jutta . Le prince la traite comme telle ,"
"Delly_L'orgueil-dompte_<Aélys , Sidonia et la vieille dame-60>_9023",les gens sérieux . Car la princesse possédait bien plus
"Delly_L'orgueil-dompte_<Aélys , Sidonia et la vieille dame-60>_9099",sa petite - fille à Aélys . Mme de Villerennes
"Delly_L'orgueil-dompte_<Aélys , Sidonia et la vieille dame-60>_9170","conquit aussitôt les sympathies d' Aélys . Précisément , cet"
"Delly_L'orgueil-dompte_<Aélys , Sidonia et la vieille dame-60>_9204","le lendemain de Resberg . Aélys put donc , dans"
"Delly_L'orgueil-dompte_<Aélys , Sidonia et la vieille dame-60>_9225",pleinement d' une compagnie qui lui plaisait fort et s'
"Delly_L'orgueil-dompte_<Aélys , Sidonia et la vieille dame-60>_9257","amener le plus tôt possible vos enfants , dit -"
"Delly_L'orgueil-dompte_<Aélys , Sidonia et la vieille dame-60>_9288",combien ils étaient délicieux . La jeune femme fit à
"Delly_L'orgueil-dompte_<Aélys , Sidonia et la vieille dame-60>_9304","quelque peu embarrassée , dont Aélys comprit la raison quand"
"Delly_L'orgueil-dompte_<Aélys , Sidonia et la vieille dame-60>_9319","visiteuses , Mme de Sucy lui dit :– Je crois"
"Delly_L'orgueil-dompte_<Aélys , Sidonia et la vieille dame-60>_9363",! fort bien ! répliqua Aélys avec calme . Mais
"Delly_L'orgueil-dompte_<Aélys , Sidonia et la vieille dame-60>_9368",Aélys avec calme . Mais elle pensait avec un serrement
"Delly_L'orgueil-dompte_<Aélys , Sidonia et la vieille dame-60>_9379",cœur : « Cela ne m' étonne pas de lui
"Delly_L'orgueil-dompte_<Aélys , Sidonia et la vieille dame-60>_9419",. . . tandis que moi . . . »Cet
"Delly_L'orgueil-dompte_<Aélys , Sidonia et la vieille dame-60>_9443","la très prochaine arrivée de son amie Cécile , avaient"
"Delly_L'orgueil-dompte_<Aélys , Sidonia et la vieille dame-60>_9463","jour , semblait augmenter chez elle et devenait plus irritante"
"Delly_L'orgueil-dompte_<Aélys , Sidonia et la vieille dame-60>_9478",. Mais quelque effort qu' elle fît pour en écarter
"Delly_L'orgueil-dompte_<Aélys , Sidonia et la vieille dame-60>_9492",se dire : « Que m' importe ! Je sais
"Delly_L'orgueil-dompte_<Aélys , Sidonia et la vieille dame-60>_9495",« Que m' importe ! Je sais depuis longtemps .
"Delly_L'orgueil-dompte_<Aélys , Sidonia et la vieille dame-60>_9504",". . . » , elle ne pouvait toujours se"
"Delly_L'orgueil-dompte_<Aélys , Sidonia et la vieille dame-60>_9514",délivrer de la vision qui la hantait : Lothaire et
"Delly_L'orgueil-dompte_<Aélys , Sidonia et la vieille dame-60>_9589","mêlée d' amertume douloureuse , Aélys songeait : « S'"
Delly_L'orgueil-dompte_<La mère du coupable-360>_9670,"de lèse - majesté . La mère du coupable ,"
Delly_L'orgueil-dompte_<La mère du coupable-360>_9700,"de celui qui , disait - elle , avait été"
Delly_L'orgueil-dompte_<La mère du coupable-360>_9722,"réussir à s' emparer . Aélys , la supplique lue"
Delly_L'orgueil-dompte_<La mère du coupable-360>_9751,y ait quelque espoir ?– Je ne le pense pas
Delly_L'orgueil-dompte_<La mère du coupable-360>_9798,secrétaire de sa femme . Aélys avait déjà pu apprécier
Delly_L'orgueil-dompte_<La mère du coupable-360>_9806,"pu apprécier sa discrétion , son grand bon sens et"
Delly_L'orgueil-dompte_<La mère du coupable-360>_9814,"sens et l' élévation de son esprit . Aussi ,"
Delly_L'orgueil-dompte_<La mère du coupable-360>_9823,", dans l' embarras que lui causaient les demandes de"
Delly_L'orgueil-dompte_<La mère du coupable-360>_9832,"de secours qui commençaient de lui être envoyées , avait"
Delly_L'orgueil-dompte_<La mère du coupable-360>_9836,"de lui être envoyées , avait - elle recours à"
Delly_L'orgueil-dompte_<La mère du coupable-360>_9837,"lui être envoyées , avait - elle recours à ses"
Delly_L'orgueil-dompte_<La mère du coupable-360>_9841,"avait - elle recours à ses conseils , prudents autant"
Delly_L'orgueil-dompte_<La mère du coupable-360>_9850,autant que charitables . – Je ferai quand même la
Delly_L'orgueil-dompte_<La mère du coupable-360>_9858,"même la démarche que demande cette pauvre femme , déclara"
Delly_L'orgueil-dompte_<La mère du coupable-360>_9865,"femme , déclara - t - elle . Ce serait"
Delly_L'orgueil-dompte_<La mère du coupable-360>_9872,. Ce serait mal de ma part de frustrer son
Delly_L'orgueil-dompte_<La mère du coupable-360>_9876,"de ma part de frustrer son attente , quel que"
Delly_L'orgueil-dompte_<La mère du coupable-360>_9882,"attente , quel que soit mon peu d' espoir en"
Delly_L'orgueil-dompte_<La mère du coupable-360>_9891,en un résultat favorable . M . de Châtelier ne
Delly_L'orgueil-dompte_<La mère du coupable-360>_9899,Châtelier ne chercha pas à l' en dissuader . Mais
Delly_L'orgueil-dompte_<La mère du coupable-360>_9904,l' en dissuader . Mais il émit l' avis qu'
Delly_L'orgueil-dompte_<La mère du coupable-360>_9934,Il fut donc convenu que la princesse ne tenterait pas
Delly_L'orgueil-dompte_<La mère du coupable-360>_9939,la princesse ne tenterait pas sa démarche avant d' avoir
Delly_L'orgueil-dompte_<La mère du coupable-360>_9977,Brorzen se faisait annoncer chez la princesse Jutta . Il
Delly_L'orgueil-dompte_<La mère du coupable-360>_9989,", fatigué , ainsi qu' elle le remarqua aussitôt à"
Delly_L'orgueil-dompte_<La mère du coupable-360>_10017,- je dire . Et Sidonia est complètement exténuée !
Delly_L'orgueil-dompte_<La mère du coupable-360>_10062,", infatigable , valsait avec Sidonia , tandis que je"
Delly_L'orgueil-dompte_<La mère du coupable-360>_10076,"Un jour de plus , la pauvre enfant devait crier"
Delly_L'orgueil-dompte_<La mère du coupable-360>_10085,"crier grâce , malgré tout son courage . . ."
Delly_L'orgueil-dompte_<La mère du coupable-360>_10169,. si durement même pour Sidonia qu' elle m' a
Delly_L'orgueil-dompte_<La mère du coupable-360>_10171,durement même pour Sidonia qu' elle m' a dit hier
Delly_L'orgueil-dompte_<La mère du coupable-360>_10185,de désespoir : « Il me déteste ! . .
Delly_L'orgueil-dompte_<La mère du coupable-360>_10191,déteste ! . . . je sens maintenant qu' il
Delly_L'orgueil-dompte_<La mère du coupable-360>_10196,je sens maintenant qu' il me déteste ! »– Brorzen
Delly_L'orgueil-dompte_<La mère du coupable-360>_10222,"si ouvertement sa préférence pour elle , comment a -"
Delly_L'orgueil-dompte_<La mère du coupable-360>_10228,", comment a - t - elle pareille idée ?–"
Delly_L'orgueil-dompte_<La mère du coupable-360>_10270,"jamais eu d' amour pour Sidonia , pas plus que"
Delly_L'orgueil-dompte_<La mère du coupable-360>_10281,personne au monde ; mais elle lui plaisait . .
Delly_L'orgueil-dompte_<La mère du coupable-360>_10312,"comme votre fille , que cette petite Aélys ? ."
Delly_L'orgueil-dompte_<La mère du coupable-360>_10352,quelque dissentiment entre eux . La jeune personne a de
Delly_L'orgueil-dompte_<La mère du coupable-360>_10372,. Nous pouvons supposer qu' elle tient tête à Son
Delly_L'orgueil-dompte_<La mère du coupable-360>_10381,Son Altesse . . . La princesse Jutta leva les
Delly_L'orgueil-dompte_<La mère du coupable-360>_10419,"se laissant tenir tête par cette petite jeune femme ,"
Delly_L'orgueil-dompte_<La mère du coupable-360>_10426,"jeune femme , et ne l' obligeant pas à se"
Delly_L'orgueil-dompte_<La mère du coupable-360>_10479,"Il est très possible que la princesse , qui ne"
Delly_L'orgueil-dompte_<La mère du coupable-360>_10482,"possible que la princesse , qui ne paraît manquer non"
Delly_L'orgueil-dompte_<La mère du coupable-360>_10490,manquer non plus ni de l' une ni de l'
Delly_L'orgueil-dompte_<La mère du coupable-360>_10498,"de l' autre , comme je le disais tout à"
Delly_L'orgueil-dompte_<La mère du coupable-360>_10529,il se venge en excitant sa jalousie . La princesse
Delly_L'orgueil-dompte_<La mère du coupable-360>_10532,en excitant sa jalousie . La princesse Jutta secoua la
Delly_L'orgueil-dompte_<La mère du coupable-360>_10542,"tête . – Invraisemblable , mon ami ! Tout à"
Delly_L'orgueil-dompte_<La mère du coupable-360>_10554,", pour qui connaît bien mon neveu . Sidonia ,"
Delly_L'orgueil-dompte_<La mère du coupable-360>_10557,"connaît bien mon neveu . Sidonia , dans sa jalousie"
Delly_L'orgueil-dompte_<La mère du coupable-360>_10560,"neveu . Sidonia , dans sa jalousie contre cette jeune"
Delly_L'orgueil-dompte_<La mère du coupable-360>_10563,", dans sa jalousie contre cette jeune femme , s'"
Delly_L'orgueil-dompte_<La mère du coupable-360>_10571,", s' inquiète , s' exalte , très déraisonnablement et"
Delly_L'orgueil-dompte_<La mère du coupable-360>_10589,pas la première fois qu' elle subit les variations –
Delly_L'orgueil-dompte_<La mère du coupable-360>_10597,"variations – très pénibles , je le sais bien –"
Delly_L'orgueil-dompte_<La mère du coupable-360>_10613,"Voilà pourquoi , précisément , elle se rend compte qu'"
Delly_L'orgueil-dompte_<La mère du coupable-360>_10630,"nouveau . Du moins , elle dit ressentir cette impression"
Delly_L'orgueil-dompte_<La mère du coupable-360>_10641,Le temps nous apprendra si elle se trompe . Sidonia
Delly_L'orgueil-dompte_<La mère du coupable-360>_10645,si elle se trompe . Sidonia entra à ce moment
Delly_L'orgueil-dompte_<La mère du coupable-360>_10670,"dissimuler complètement l' altération de ses traits , due à"
Delly_L'orgueil-dompte_<La mère du coupable-360>_10695,prince . Il apportait à la princesse Jutta les hommages
Delly_L'orgueil-dompte_<La mère du coupable-360>_10712,"partir pour Sarrenau , où elle dînerait . La princesse"
Delly_L'orgueil-dompte_<La mère du coupable-360>_10715,", où elle dînerait . La princesse , en se"
Delly_L'orgueil-dompte_<La mère du coupable-360>_10745,allez tout de même pas me dire que c' est
Delly_L'orgueil-dompte_<La mère du coupable-360>_10780,"deux jours ?– Altesse , je répète une fois de"
Delly_L'orgueil-dompte_<La mère du coupable-360>_10798,. . . et que je ne sais pas .
Delly_L'orgueil-dompte_<La mère du coupable-360>_10826,"des Nymphes , quand apparut la princesse Jutta avec sa"
Delly_L'orgueil-dompte_<La mère du coupable-360>_10830,apparut la princesse Jutta avec sa suite . Le premier
Delly_L'orgueil-dompte_<La mère du coupable-360>_10839,premier coup d' œil de la jeune femme – coup
Delly_L'orgueil-dompte_<La mère du coupable-360>_10858,de mépris – fut pour Sidonia . Puis elle détourna
Delly_L'orgueil-dompte_<La mère du coupable-360>_10861,fut pour Sidonia . Puis elle détourna son regard et
Delly_L'orgueil-dompte_<La mère du coupable-360>_10863,Sidonia . Puis elle détourna son regard et s' avança
Delly_L'orgueil-dompte_<La mère du coupable-360>_10867,détourna son regard et s' avança vers la princesse Jutta
Delly_L'orgueil-dompte_<La mère du coupable-360>_10869,"regard et s' avança vers la princesse Jutta , qui"
Delly_L'orgueil-dompte_<La mère du coupable-360>_10873,"vers la princesse Jutta , qui lui pressa longuement la"
Delly_L'orgueil-dompte_<La mère du coupable-360>_10874,"la princesse Jutta , qui lui pressa longuement la main"
Delly_L'orgueil-dompte_<La mère du coupable-360>_10893,"encore Lothaire ce soir , chère enfant ? . ."
Delly_L'orgueil-dompte_<La mère du coupable-360>_10899,"enfant ? . . . Moi , du moins ,"
Delly_L'orgueil-dompte_<La mère du coupable-360>_10920,"de se rendre près de vous ?– Non , il"
Delly_L'orgueil-dompte_<La mère du coupable-360>_10925,"vous ?– Non , il m' a fait prévenir qu'"
Delly_L'orgueil-dompte_<La mère du coupable-360>_10936,"partait pour Sarrenau , répondit Aélys avec un air de"
Delly_L'orgueil-dompte_<La mère du coupable-360>_10944,air de calme indifférence . La princesse Jutta lança au
Delly_L'orgueil-dompte_<La mère du coupable-360>_10948,. La princesse Jutta lança au comte un regard qui
Delly_L'orgueil-dompte_<La mère du coupable-360>_10964,qu' est - ce que je vous disais ? »
Delly_L'orgueil-dompte_<La mère du coupable-360>_10965,est - ce que je vous disais ? » Il
Delly_L'orgueil-dompte_<La mère du coupable-360>_10969,je vous disais ? » Il y répondit par une
Delly_L'orgueil-dompte_<La mère du coupable-360>_10979,moue d' incertitude . Et Sidonia parut à peine rassérénée
Delly_L'orgueil-dompte_<La mère du coupable-360>_11031,autre beaucoup plus coupable . Aélys avait donc résolu de
Delly_L'orgueil-dompte_<La mère du coupable-360>_11040,"de présenter la requête de la pauvre mère , sans"
Delly_L'orgueil-dompte_<La mère du coupable-360>_11053,attendre un bon résultat . M . de Châtelier ne
Delly_L'orgueil-dompte_<La mère du coupable-360>_11058,"M . de Châtelier ne lui avait pas caché ,"
Delly_L'orgueil-dompte_<La mère du coupable-360>_11116,faveur d' un coupable . Aélys ne s' était pas
Delly_L'orgueil-dompte_<La mère du coupable-360>_11129,effort à remplir ce qu' elle considérait comme un devoir
Delly_L'orgueil-dompte_<La mère du coupable-360>_11147,"de cette obligation pénible , elle avait résolu de parler"
Delly_L'orgueil-dompte_<La mère du coupable-360>_11183,"être rentré , sans qu' elle l' eût même aperçu"
Delly_L'orgueil-dompte_<La mère du coupable-360>_11205,. « Pourvu encore que je le voie à temps
Delly_L'orgueil-dompte_<La mère du coupable-360>_11227,. Pendant la leçon qu' elle prit ce matin -
Delly_L'orgueil-dompte_<La mère du coupable-360>_11237,"là avec Marie Herz , la jeune femme se montra"
Delly_L'orgueil-dompte_<La mère du coupable-360>_11253,de cette sollicitation qu' il lui fallait adresser la hantait
Delly_L'orgueil-dompte_<La mère du coupable-360>_11256,qu' il lui fallait adresser la hantait . Elle dit
Delly_L'orgueil-dompte_<La mère du coupable-360>_11259,fallait adresser la hantait . Elle dit à la cantatrice
Delly_L'orgueil-dompte_<La mère du coupable-360>_11262,"hantait . Elle dit à la cantatrice , avec un"
Delly_L'orgueil-dompte_<La mère du coupable-360>_11270,avec un sourire contraint :– Je suis une mauvaise élève
Delly_L'orgueil-dompte_<La mère du coupable-360>_11272,"sourire contraint :– Je suis une mauvaise élève , aujourd'"
Delly_L'orgueil-dompte_<La mère du coupable-360>_11279,"élève , aujourd' hui , madame , et je ne"
Delly_L'orgueil-dompte_<La mère du coupable-360>_11282,"hui , madame , et je ne mériterai pas de"
Delly_L'orgueil-dompte_<La mère du coupable-360>_11300,si peu une élève ! Je n' ai plus guère
Delly_L'orgueil-dompte_<La mère du coupable-360>_11306,"n' ai plus guère à lui apprendre , comme je"
Delly_L'orgueil-dompte_<La mère du coupable-360>_11310,"à lui apprendre , comme je le lui ai déjà"
Delly_L'orgueil-dompte_<La mère du coupable-360>_11312,"apprendre , comme je le lui ai déjà dit dans"
Delly_L'orgueil-dompte_<La mère du coupable-360>_11325,. Il y a en elle tous les dons qui
Delly_L'orgueil-dompte_<La mère du coupable-360>_11372,"douceur et de mélancolique admiration la jeune princesse , vêtue"
Delly_L'orgueil-dompte_<La mère du coupable-360>_11428,si gracieuses . « Qu' elle est jeune et délicieuse
Delly_L'orgueil-dompte_<La mère du coupable-360>_11435,jeune et délicieuse ! pensait la cantatrice avec un serrement
Delly_L'orgueil-dompte_<La mère du coupable-360>_11448,Est - il possible qu' elle ne soit pas aimée
Delly_L'orgueil-dompte_<La mère du coupable-360>_11483,"avant le déjeuner , dit Aélys . Accompagnez - moi"
Delly_L'orgueil-dompte_<La mère du coupable-360>_11486,", dit Aélys . Accompagnez - moi , je vous"
Delly_L'orgueil-dompte_<La mère du coupable-360>_11489,". Accompagnez - moi , je vous prie , madame"
Delly_L'orgueil-dompte_<La mère du coupable-360>_11490,"Accompagnez - moi , je vous prie , madame ,"
Delly_L'orgueil-dompte_<La mère du coupable-360>_11493,", je vous prie , madame , cet air de"
Delly_L'orgueil-dompte_<La mère du coupable-360>_11500,cet air de Gluck que j' aime tant ? Puis
Delly_L'orgueil-dompte_<La mère du coupable-360>_11505,j' aime tant ? Puis je vous donnerai votre liberté
Delly_L'orgueil-dompte_<La mère du coupable-360>_11506,aime tant ? Puis je vous donnerai votre liberté jusqu'
Delly_L'orgueil-dompte_<La mère du coupable-360>_11508,? Puis je vous donnerai votre liberté jusqu' à demain
Delly_L'orgueil-dompte_<La mère du coupable-360>_11516,"à demain , s' il vous est possible de venir"
Delly_L'orgueil-dompte_<La mère du coupable-360>_11523,possible de venir . Car j' aime chanter avec vous
Delly_L'orgueil-dompte_<La mère du coupable-360>_11527,Car j' aime chanter avec vous . . . et
Delly_L'orgueil-dompte_<La mère du coupable-360>_11532,vous . . . et je vous vois toujours avec
Delly_L'orgueil-dompte_<La mère du coupable-360>_11533,. . . et je vous vois toujours avec grand
Delly_L'orgueil-dompte_<La mère du coupable-360>_11540,toujours avec grand plaisir . Elle souriait à la jeune
Delly_L'orgueil-dompte_<La mère du coupable-360>_11543,"plaisir . Elle souriait à la jeune femme , avec"
Delly_L'orgueil-dompte_<La mère du coupable-360>_11558,"venue du cœur , qui lui donnait tant de séduction"
Delly_L'orgueil-dompte_<La mère du coupable-360>_11579,absence de toute familiarité que son rang eût rendue déplacée
Delly_L'orgueil-dompte_<La mère du coupable-360>_11586,"eût rendue déplacée . En la cantatrice , elle voyait"
Delly_L'orgueil-dompte_<La mère du coupable-360>_11589,". En la cantatrice , elle voyait une femme distinguée"
Delly_L'orgueil-dompte_<La mère du coupable-360>_11591,"la cantatrice , elle voyait une femme distinguée qui semblait"
Delly_L'orgueil-dompte_<La mère du coupable-360>_11594,elle voyait une femme distinguée qui semblait sérieuse et bonne
Delly_L'orgueil-dompte_<La mère du coupable-360>_11601,"sérieuse et bonne , et elle lui montrait sa sympathie"
Delly_L'orgueil-dompte_<La mère du coupable-360>_11602,"et bonne , et elle lui montrait sa sympathie avec"
Delly_L'orgueil-dompte_<La mère du coupable-360>_11604,", et elle lui montrait sa sympathie avec la discrétion"
Delly_L'orgueil-dompte_<La mère du coupable-360>_11611,avec la discrétion habituelle chez elle . Marie Herz remercia
Delly_L'orgueil-dompte_<La mère du coupable-360>_11613,discrétion habituelle chez elle . Marie Herz remercia avec émotion
Delly_L'orgueil-dompte_<La mère du coupable-360>_11623,. Il n' existait en son cœur aucune jalousie à
Delly_L'orgueil-dompte_<La mère du coupable-360>_11631,jalousie à l' égard de cette jeune princesse ; en
Delly_L'orgueil-dompte_<La mère du coupable-360>_11638,"princesse ; en songeant à sa faiblesse , à la"
Delly_L'orgueil-dompte_<La mère du coupable-360>_11645,", à la passion qui la dominait encore , elle"
Delly_L'orgueil-dompte_<La mère du coupable-360>_11649,"qui la dominait encore , elle se disait avec humilité"
Delly_L'orgueil-dompte_<La mère du coupable-360>_11656,disait avec humilité : « Je ne suis pas digne
Delly_L'orgueil-dompte_<La mère du coupable-360>_11662,ne suis pas digne de m' approcher d' elle .
Delly_L'orgueil-dompte_<La mère du coupable-360>_11665,digne de m' approcher d' elle . . . Si
Delly_L'orgueil-dompte_<La mère du coupable-360>_11670,elle . . . Si elle savait ! Pauvre petite
Delly_L'orgueil-dompte_<La mère du coupable-360>_11673,". Si elle savait ! Pauvre petite princesse , dont"
Delly_L'orgueil-dompte_<La mère du coupable-360>_11677,"! Pauvre petite princesse , dont l' âme doit ignorer"
Delly_L'orgueil-dompte_<La mère du coupable-360>_11701,"nôtres ! »La voix d' Aélys , un instant plus"
Delly_L'orgueil-dompte_<La mère du coupable-360>_11716,dans le grand salon où la princesse se trouvait seule
Delly_L'orgueil-dompte_<La mère du coupable-360>_11722,"princesse se trouvait seule avec Mme Herz . Puis ,"
Delly_L'orgueil-dompte_<La mère du coupable-360>_11761,à deux battants . Mais Aélys s' immobilisa pendant quelques
Delly_L'orgueil-dompte_<La mère du coupable-360>_11773,Une soudaine chaleur montait à ses joues . Lothaire était
Delly_L'orgueil-dompte_<La mère du coupable-360>_11792,bois de rose sur laquelle Aélys posait son ouvrage .
Delly_L'orgueil-dompte_<La mère du coupable-360>_11794,rose sur laquelle Aélys posait son ouvrage . Il se
Delly_L'orgueil-dompte_<La mère du coupable-360>_11815,s' offrait avec contrainte et la baisa légèrement . Puis
Delly_L'orgueil-dompte_<La mère du coupable-360>_11825,"il tendit la sienne à Marie Herz , qui plongeait"
Delly_L'orgueil-dompte_<La mère du coupable-360>_11828,"sienne à Marie Herz , qui plongeait dans une profonde"
Delly_L'orgueil-dompte_<La mère du coupable-360>_11836,une profonde révérence . – La princesse profite remarquablement de
Delly_L'orgueil-dompte_<La mère du coupable-360>_11841,"La princesse profite remarquablement de vos leçons , madame ."
Delly_L'orgueil-dompte_<La mère du coupable-360>_11844,"remarquablement de vos leçons , madame . Je m' applaudis"
Delly_L'orgueil-dompte_<La mère du coupable-360>_11846,"vos leçons , madame . Je m' applaudis de vous"
Delly_L'orgueil-dompte_<La mère du coupable-360>_11850,. Je m' applaudis de vous avoir donnée à elle
Delly_L'orgueil-dompte_<La mère du coupable-360>_11854,de vous avoir donnée à elle comme professeur . –
Delly_L'orgueil-dompte_<La mère du coupable-360>_11859,elle comme professeur . – J' y ai bien peu
Delly_L'orgueil-dompte_<La mère du coupable-360>_11879,"à l' heure encore , la princesse est douée de"
Delly_L'orgueil-dompte_<La mère du coupable-360>_11893,En effet . . . Vous n' avez pas chanté
Delly_L'orgueil-dompte_<La mère du coupable-360>_11902,"chanté , hier soir ? J' ai passé quelques moments"
Delly_L'orgueil-dompte_<La mère du coupable-360>_11911,"moments au théâtre , et j' ai regretté de ne"
Delly_L'orgueil-dompte_<La mère du coupable-360>_11917,ai regretté de ne pas vous entendre . Marie Herz
Delly_L'orgueil-dompte_<La mère du coupable-360>_11920,ne pas vous entendre . Marie Herz répondit en balbutiant
Delly_L'orgueil-dompte_<La mère du coupable-360>_11933,sous le regard qui semblait la considérer avec complaisance .
Delly_L'orgueil-dompte_<La mère du coupable-360>_11945,", le prince , quand elle eut pris congé de"
Delly_L'orgueil-dompte_<La mère du coupable-360>_11953,"congé de sa femme , l' accompagna jusqu' au seuil"
Delly_L'orgueil-dompte_<La mère du coupable-360>_11961,au seuil du salon et lui baisa la main .
Delly_L'orgueil-dompte_<La mère du coupable-360>_11970,". Puis il revint à Aélys , qui se tenait"
Delly_L'orgueil-dompte_<La mère du coupable-360>_11972,"il revint à Aélys , qui se tenait debout près"
Delly_L'orgueil-dompte_<La mère du coupable-360>_11985,"table . – Oui , ta voix devient tout à"
Delly_L'orgueil-dompte_<La mère du coupable-360>_11993,tout à fait parfaite . Je la trouve encore en
Delly_L'orgueil-dompte_<La mère du coupable-360>_11994,à fait parfaite . Je la trouve encore en progrès
Delly_L'orgueil-dompte_<La mère du coupable-360>_12006,si peu de temps que je ne l' ai entendue
Delly_L'orgueil-dompte_<La mère du coupable-360>_12008,de temps que je ne l' ai entendue . –
Delly_L'orgueil-dompte_<La mère du coupable-360>_12020,"tant mieux , dit froidement Aélys . Elle ne savait"
Delly_L'orgueil-dompte_<La mère du coupable-360>_12022,", dit froidement Aélys . Elle ne savait trop pourquoi"
Delly_L'orgueil-dompte_<La mère du coupable-360>_12030,trop pourquoi cette amabilité de Lothaire à l' égard de
Delly_L'orgueil-dompte_<La mère du coupable-360>_12035,Lothaire à l' égard de la cantatrice venait de lui
Delly_L'orgueil-dompte_<La mère du coupable-360>_12039,de la cantatrice venait de lui causer une impression si
Delly_L'orgueil-dompte_<La mère du coupable-360>_12046,une impression si désagréable . Il reprit le siège un
Delly_L'orgueil-dompte_<La mère du coupable-360>_12072,conque où s' asseyait généralement Aélys . – Viens ici
Delly_L'orgueil-dompte_<La mère du coupable-360>_12080,"Viens ici , et raconte - moi ce que tu"
Delly_L'orgueil-dompte_<La mère du coupable-360>_12084,"raconte - moi ce que tu as fait , pendant"
Delly_L'orgueil-dompte_<La mère du coupable-360>_12089,"tu as fait , pendant mon absence . Mais au"
Delly_L'orgueil-dompte_<La mère du coupable-360>_12098,"au lieu d' obéir , Aélys alla à un petit"
Delly_L'orgueil-dompte_<La mère du coupable-360>_12106,"un petit bureau , y prit la supplique et revint"
Delly_L'orgueil-dompte_<La mère du coupable-360>_12110,y prit la supplique et revint à son mari .
Delly_L'orgueil-dompte_<La mère du coupable-360>_12112,la supplique et revint à son mari . – Voulez
Delly_L'orgueil-dompte_<La mère du coupable-360>_12117,son mari . – Voulez - vous lire ceci .
Delly_L'orgueil-dompte_<La mère du coupable-360>_12125,ceci . . . et me dire si vous pouvez
Delly_L'orgueil-dompte_<La mère du coupable-360>_12128,. et me dire si vous pouvez y répondre favorablement
Delly_L'orgueil-dompte_<La mère du coupable-360>_12144,"sur les premières lignes , Lothaire jeta le papier sur"
Delly_L'orgueil-dompte_<La mère du coupable-360>_12162,feu . C' est chez moi le sort habituel de
Delly_L'orgueil-dompte_<La mère du coupable-360>_12173,genre de littérature . – Lothaire ! . . .
Delly_L'orgueil-dompte_<La mère du coupable-360>_12179,! . . . Pouvez - vous parler ainsi des
Delly_L'orgueil-dompte_<La mère du coupable-360>_12186,parler ainsi des supplications d' une mère au désespoir !Le
Delly_L'orgueil-dompte_<La mère du coupable-360>_12192,"mère au désespoir !Le regard du prince , levé sur"
Delly_L'orgueil-dompte_<La mère du coupable-360>_12197,"du prince , levé sur la jeune femme , rencontrait"
Delly_L'orgueil-dompte_<La mère du coupable-360>_12210,"frémissante d' indignation . – Tu es très dramatique ,"
Delly_L'orgueil-dompte_<La mère du coupable-360>_12215,"Tu es très dramatique , ma chère petite !Il avait"
Delly_L'orgueil-dompte_<La mère du coupable-360>_12228,ironie qui acheva d' exaspérer Aélys . Toutefois elle réussit
Delly_L'orgueil-dompte_<La mère du coupable-360>_12231,d' exaspérer Aélys . Toutefois elle réussit à se contraindre
Delly_L'orgueil-dompte_<La mère du coupable-360>_12242,"ne pas éclater , en songeant qu' elle compromettrait ainsi"
Delly_L'orgueil-dompte_<La mère du coupable-360>_12244,"éclater , en songeant qu' elle compromettrait ainsi la cause"
Delly_L'orgueil-dompte_<La mère du coupable-360>_12254,"à plaider , bien qu' elle la jugeât perdue d'"
Delly_L'orgueil-dompte_<La mère du coupable-360>_12267,. . . Mais ne t' aventure jamais sur ce
Delly_L'orgueil-dompte_<La mère du coupable-360>_12279,qui n' est pas de ton ressort . Ce garçon
Delly_L'orgueil-dompte_<La mère du coupable-360>_12295,. – Mais non ! J' ai fait prendre des
Delly_L'orgueil-dompte_<La mère du coupable-360>_12303,prendre des renseignements . Car je ne voulais vous transmettre
Delly_L'orgueil-dompte_<La mère du coupable-360>_12306,. Car je ne voulais vous transmettre cette demande de
Delly_L'orgueil-dompte_<La mère du coupable-360>_12358,"est de ce monde , petite fille . – Vous"
Delly_L'orgueil-dompte_<La mère du coupable-360>_12362,", petite fille . – Vous pouvez empêcher celle -"
Delly_L'orgueil-dompte_<La mère du coupable-360>_12373,", cependant !– Certainement , je le peux . ."
Delly_L'orgueil-dompte_<La mère du coupable-360>_12390,c' est autre chose . Il s' était accoudé à
Delly_L'orgueil-dompte_<La mère du coupable-360>_12398,accoudé à la table et considérait le délicat visage empourpré
Delly_L'orgueil-dompte_<La mère du coupable-360>_12424,"d' un voile brillant . Aélys se raidit , pour"
Delly_L'orgueil-dompte_<La mère du coupable-360>_12432,", pour essayer de maîtriser son émotion . Qu' elle"
Delly_L'orgueil-dompte_<La mère du coupable-360>_12436,maîtriser son émotion . Qu' elle était donc nerveuse !
Delly_L'orgueil-dompte_<La mère du coupable-360>_12455,"pas montrer de faiblesse devant ce Lothaire sans pitié ,"
Delly_L'orgueil-dompte_<La mère du coupable-360>_12460,"ce Lothaire sans pitié , qui s' en réjouirait probablement"
Delly_L'orgueil-dompte_<La mère du coupable-360>_12469,"probablement . – Alors , vous refusez ?Lothaire ne répondit"
Delly_L'orgueil-dompte_<La mère du coupable-360>_12476,?Lothaire ne répondit pas . Il continuait de la regarder
Delly_L'orgueil-dompte_<La mère du coupable-360>_12479,"pas . Il continuait de la regarder , mais entre"
Delly_L'orgueil-dompte_<La mère du coupable-360>_12484,"la regarder , mais entre ses cils demi - baissés"
Delly_L'orgueil-dompte_<La mère du coupable-360>_12491,"demi - baissés . Puis il se redressa légèrement ,"
Delly_L'orgueil-dompte_<La mère du coupable-360>_12496,"il se redressa légèrement , étendit la main vers un"
Delly_L'orgueil-dompte_<La mère du coupable-360>_12533,bas quelques mots . – Tu n' auras qu' à
Delly_L'orgueil-dompte_<La mère du coupable-360>_12548,de Fressau . . . Il tendait à la jeune
Delly_L'orgueil-dompte_<La mère du coupable-360>_12551,. . Il tendait à la jeune femme le papier
Delly_L'orgueil-dompte_<La mère du coupable-360>_12558,"femme le papier , où elle lut ces mots :"
Delly_L'orgueil-dompte_<La mère du coupable-360>_12575,ans de prison . – Lothaire . »– . .
Delly_L'orgueil-dompte_<La mère du coupable-360>_12594,". . . Inutile de me remercier , mon enfant"
Delly_L'orgueil-dompte_<La mère du coupable-360>_12597,"Inutile de me remercier , mon enfant . Je ne"
Delly_L'orgueil-dompte_<La mère du coupable-360>_12600,"remercier , mon enfant . Je ne l' ai pas"
Delly_L'orgueil-dompte_<La mère du coupable-360>_12618,", ceci seul compterait à tes yeux . Donc ,"
Delly_L'orgueil-dompte_<La mère du coupable-360>_12623,"tes yeux . Donc , je ne suis pas digne"
Delly_L'orgueil-dompte_<La mère du coupable-360>_12629,ne suis pas digne de ta reconnaissance . La rougeur
Delly_L'orgueil-dompte_<La mère du coupable-360>_12640,accentua sur les joues d' Aélys . Lothaire avait ce
Delly_L'orgueil-dompte_<La mère du coupable-360>_12642,les joues d' Aélys . Lothaire avait ce petit rire
Delly_L'orgueil-dompte_<La mère du coupable-360>_12660,fois moqueur et caressant qu' elle ne pouvait entendre et
Delly_L'orgueil-dompte_<La mère du coupable-360>_12676,". – Quels que soient vos motifs , je n'"
Delly_L'orgueil-dompte_<La mère du coupable-360>_12679,"que soient vos motifs , je n' en suis pas"
Delly_L'orgueil-dompte_<La mère du coupable-360>_12690,heureuse de la joie que vous procurerez ainsi à ces
Delly_L'orgueil-dompte_<La mère du coupable-360>_12699,"ces pauvres gens , dit - elle en baissant un"
Delly_L'orgueil-dompte_<La mère du coupable-360>_12731,t' asseoir ici et dis - moi ce que tu
Delly_L'orgueil-dompte_<La mère du coupable-360>_12735,dis - moi ce que tu as fait tous ces
Delly_L'orgueil-dompte_<La mère du coupable-360>_12745,jours - ci . – J' ai eu avant -
Delly_L'orgueil-dompte_<La mère du coupable-360>_12785,vue intelligence et caractère . Je ne doutais pas qu'
Delly_L'orgueil-dompte_<La mère du coupable-360>_12791,"ne doutais pas qu' elle te plaise , et tu"
Delly_L'orgueil-dompte_<La mère du coupable-360>_12795,"elle te plaise , et tu pourras la recevoir autant"
Delly_L'orgueil-dompte_<La mère du coupable-360>_12801,pourras la recevoir autant que tu le voudras . –
Delly_L'orgueil-dompte_<La mère du coupable-360>_12806,tu le voudras . – Je lui avais demandé de
Delly_L'orgueil-dompte_<La mère du coupable-360>_12811,"Je lui avais demandé de m' amener ses enfants ,"
Delly_L'orgueil-dompte_<La mère du coupable-360>_12831,. Mais Mme de Sucy m' a dit que vous
Delly_L'orgueil-dompte_<La mère du coupable-360>_12835,Sucy m' a dit que vous ne le permettriez pas
Delly_L'orgueil-dompte_<La mère du coupable-360>_12862,"les jours , si cela te convient . – Non"
Delly_L'orgueil-dompte_<La mère du coupable-360>_12876,", mais souvent , puisque vous le voulez bien ."
Delly_L'orgueil-dompte_<La mère du coupable-360>_12881,vous le voulez bien . J' aime tant les enfants
Delly_L'orgueil-dompte_<La mère du coupable-360>_12891,! . . . Et je serais aussi charmée de
Delly_L'orgueil-dompte_<La mère du coupable-360>_12923,"propos , il faut que je vous demande . ."
Delly_L'orgueil-dompte_<La mère du coupable-360>_12924,", il faut que je vous demande . . ."
Delly_L'orgueil-dompte_<La mère du coupable-360>_12958,. – . . . Je voudrais compléter mon instruction
Delly_L'orgueil-dompte_<La mère du coupable-360>_12961,". . Je voudrais compléter mon instruction , particulièrement au"
Delly_L'orgueil-dompte_<La mère du coupable-360>_12975,". Pour cela , il me faudrait faire des lectures"
Delly_L'orgueil-dompte_<La mère du coupable-360>_12985,appropriées . . . et je n' ai pas trouvé
Delly_L'orgueil-dompte_<La mère du coupable-360>_12998,", ici . . . Elle désignait la porte d'"
Delly_L'orgueil-dompte_<La mère du coupable-360>_13037,ou presque enfantines . – Tu veux des lectures sérieuses
Delly_L'orgueil-dompte_<La mère du coupable-360>_13043,veux des lectures sérieuses ? Tu veux devenir une femme
Delly_L'orgueil-dompte_<La mère du coupable-360>_13054,? . . . Mais je suis d' un tout
Delly_L'orgueil-dompte_<La mère du coupable-360>_13063,tout autre avis . Contente - toi d' être une
Delly_L'orgueil-dompte_<La mère du coupable-360>_13067,"Contente - toi d' être une jolie femme , jeune"
Delly_L'orgueil-dompte_<La mère du coupable-360>_13071,"être une jolie femme , jeune fée ; personne ne"
Delly_L'orgueil-dompte_<La mère du coupable-360>_13076,jeune fée ; personne ne te demandera davantage . –
Delly_L'orgueil-dompte_<La mère du coupable-360>_13083,"davantage . – Oui , je sais que vous n'"
Delly_L'orgueil-dompte_<La mère du coupable-360>_13086,"Oui , je sais que vous n' admettez pas que"
Delly_L'orgueil-dompte_<La mère du coupable-360>_13103,intellectuelles et scientifiques . Mais je ne comprends pas pourquoi
Delly_L'orgueil-dompte_<La mère du coupable-360>_13108,je ne comprends pas pourquoi vous les condamnez ainsi à
Delly_L'orgueil-dompte_<La mère du coupable-360>_13133,"un regard de révolte sur Lothaire qui , le visage"
Delly_L'orgueil-dompte_<La mère du coupable-360>_13134,"regard de révolte sur Lothaire qui , le visage appuyé"
Delly_L'orgueil-dompte_<La mère du coupable-360>_13140,", le visage appuyé contre sa main , la considérait"
Delly_L'orgueil-dompte_<La mère du coupable-360>_13143,"appuyé contre sa main , la considérait avec une expression"
Delly_L'orgueil-dompte_<La mère du coupable-360>_13144,"contre sa main , la considérait avec une expression où"
Delly_L'orgueil-dompte_<La mère du coupable-360>_13149,considérait avec une expression où il entrait de l' ironie
Delly_L'orgueil-dompte_<La mère du coupable-360>_13168,sorte de brûlante flamme qui la pénétrait d' un étrange
Delly_L'orgueil-dompte_<La mère du coupable-360>_13185,Parce que le cerveau de la femme est fait pour
Delly_L'orgueil-dompte_<La mère du coupable-360>_13194,"pour cette médiocrité , qui la rend plus soumise à"
Delly_L'orgueil-dompte_<La mère du coupable-360>_13202,soumise à l' homme . Aélys eut un vif mouvement
Delly_L'orgueil-dompte_<La mère du coupable-360>_13217,! c' est cela ? Vous considérez que pour mieux
Delly_L'orgueil-dompte_<La mère du coupable-360>_13222,"Vous considérez que pour mieux l' asservir , il faut"
Delly_L'orgueil-dompte_<La mère du coupable-360>_13227,"l' asservir , il faut la tenir dans une demi"
Delly_L'orgueil-dompte_<La mère du coupable-360>_13235,"une demi - ignorance , la priver d' une forte"
Delly_L'orgueil-dompte_<La mère du coupable-360>_13250,"ne bondis pas ainsi , petit coq ! . ."
Delly_L'orgueil-dompte_<La mère du coupable-360>_13256,coq ! . . . charmant petit coq . .
Delly_L'orgueil-dompte_<La mère du coupable-360>_13262,petit coq . . . Il penchait vers elle son
Delly_L'orgueil-dompte_<La mère du coupable-360>_13265,. . Il penchait vers elle son visage dont la
Delly_L'orgueil-dompte_<La mère du coupable-360>_13266,. Il penchait vers elle son visage dont la blancheur
Delly_L'orgueil-dompte_<La mère du coupable-360>_13286,. – . . . Je ne veux pas que
Delly_L'orgueil-dompte_<La mère du coupable-360>_13291,Je ne veux pas que tu sois une femme savante
Delly_L'orgueil-dompte_<La mère du coupable-360>_13298,une femme savante . Contente - toi d' être la
Delly_L'orgueil-dompte_<La mère du coupable-360>_13317,joie de . . . Il s' interrompit brusquement .
Delly_L'orgueil-dompte_<La mère du coupable-360>_13326,. L' ardent éclat de ses yeux se déroba sous
Delly_L'orgueil-dompte_<La mère du coupable-360>_13353,". Et presque aussitôt , Lothaire commença une dissertation pleine"
Delly_L'orgueil-dompte_<La mère du coupable-360>_13379,", qui captiva si bien Aélys qu' elle faillit s'"
Delly_L'orgueil-dompte_<La mère du coupable-360>_13381,"captiva si bien Aélys qu' elle faillit s' écrier ,"
Delly_L'orgueil-dompte_<La mère du coupable-360>_13397,annoncé :« Déjà ! » Aélys fit le lendemain sa
Delly_L'orgueil-dompte_<La mère du coupable-360>_13401,» Aélys fit le lendemain sa première promenade à cheval
Delly_L'orgueil-dompte_<La mère du coupable-360>_13407,première promenade à cheval avec Lothaire . Ils étaient accompagnés
Delly_L'orgueil-dompte_<La mère du coupable-360>_13428,"de Valérien de Seldorf . La jeune princesse , dont"
Delly_L'orgueil-dompte_<La mère du coupable-360>_13432,". La jeune princesse , dont les progrès rapides avaient"
Delly_L'orgueil-dompte_<La mère du coupable-360>_13438,"les progrès rapides avaient émerveillé son professeur , montait une"
Delly_L'orgueil-dompte_<La mère du coupable-360>_13450,alezane de caractère paisible . Elle se tenait fort gracieusement
Delly_L'orgueil-dompte_<La mère du coupable-360>_13471,"expérimentée , comme le remarqua son mari tandis qu' ils"
Delly_L'orgueil-dompte_<La mère du coupable-360>_13483,chevauchée dans la forêt . Elle eut un petit sourire
Delly_L'orgueil-dompte_<La mère du coupable-360>_13497,":– Tant mieux , car je ne voudrais pas être"
Delly_L'orgueil-dompte_<La mère du coupable-360>_13507,"une cause d' ennui pour vous , en vous gênant"
Delly_L'orgueil-dompte_<La mère du coupable-360>_13510,"ennui pour vous , en vous gênant dans vos promenades"
Delly_L'orgueil-dompte_<La mère du coupable-360>_13513,", en vous gênant dans vos promenades par ma maladresse"
Delly_L'orgueil-dompte_<La mère du coupable-360>_13516,gênant dans vos promenades par ma maladresse . Il jeta
Delly_L'orgueil-dompte_<La mère du coupable-360>_13519,"promenades par ma maladresse . Il jeta un rapide ,"
Delly_L'orgueil-dompte_<La mère du coupable-360>_13532,"d' œil , pour qui l' eût saisi au passage"
Delly_L'orgueil-dompte_<La mère du coupable-360>_13569,. Sans doute n' avait - il pas été le
Delly_L'orgueil-dompte_<La mère du coupable-360>_13609,que l' aide de camp l' avait admirativement murmuré à
Delly_L'orgueil-dompte_<La mère du coupable-360>_13647,de s' accorder aux variations du maître . Au cours
Delly_L'orgueil-dompte_<La mère du coupable-360>_13656,"cours de cette promenade , le prince maintint constamment son"
Delly_L'orgueil-dompte_<La mère du coupable-360>_13660,", le prince maintint constamment son cheval près de celui"
Delly_L'orgueil-dompte_<La mère du coupable-360>_13666,cheval près de celui de sa femme . Il causait
Delly_L'orgueil-dompte_<La mère du coupable-360>_13669,"celui de sa femme . Il causait peu , se"
Delly_L'orgueil-dompte_<La mère du coupable-360>_13735,se trouve l' endroit où vous m' avez retrouvée ?
Delly_L'orgueil-dompte_<La mère du coupable-360>_13749,elle tout à coup . Lothaire étendit sa cravache vers
Delly_L'orgueil-dompte_<La mère du coupable-360>_13751,à coup . Lothaire étendit sa cravache vers la droite
Delly_L'orgueil-dompte_<la comtesse Brorzen-2031>_54938,"avec délices des méchancetés contre la comtesse Brorzen , dont"
Delly_L'orgueil-dompte_<la comtesse Brorzen-2031>_54942,"contre la comtesse Brorzen , dont les ambitions étaient devinées"
Delly_L'orgueil-dompte_<la comtesse Brorzen-2031>_54954,". Les femmes , qui l' avaient tant jalousée ,"
Delly_L'orgueil-dompte_<la comtesse Brorzen-2031>_54963,", se réjouissaient particulièrement de son humiliation , de cet"
Delly_L'orgueil-dompte_<la comtesse Brorzen-2031>_55070,", l' étiquette interdisait à la princesse de danser tant"
Delly_L'orgueil-dompte_<la comtesse Brorzen-2031>_55094,- même un cavalier pour elle . Comme ce fait
Delly_L'orgueil-dompte_<la comtesse Brorzen-2031>_55104,"ne se produisait pas , Aélys restait assise au milieu"
Delly_L'orgueil-dompte_<la comtesse Brorzen-2031>_55127,"quelque temps auparavant , quand la belle princesse paraissait accablée"
Delly_L'orgueil-dompte_<la comtesse Brorzen-2031>_55135,paraissait accablée des rigueurs de son fantasque époux . À
Delly_L'orgueil-dompte_<la comtesse Brorzen-2031>_55145,"vrai dire , bien qu' elle aimât la danse comme"
Delly_L'orgueil-dompte_<la comtesse Brorzen-2031>_55154,"comme tout exercice physique , le vif petit elfe n'"
Delly_L'orgueil-dompte_<la comtesse Brorzen-2031>_55176,joignaient à la fatigue pour lui rendre cette réception officielle
Delly_L'orgueil-dompte_<la comtesse Brorzen-2031>_55210,"Je danserai cette valse avec toi , Aélys . Sans"
Delly_L'orgueil-dompte_<la comtesse Brorzen-2031>_55212,"cette valse avec toi , Aélys . Sans paraître remarquer"
Delly_L'orgueil-dompte_<la comtesse Brorzen-2031>_55220,"paraître remarquer la surprise de la jeune femme , il"
Delly_L'orgueil-dompte_<la comtesse Brorzen-2031>_55225,"la jeune femme , il lui présenta son bras ."
Delly_L'orgueil-dompte_<la comtesse Brorzen-2031>_55290,ces deux valseurs incomparables . La légère petite fée de
Delly_L'orgueil-dompte_<la comtesse Brorzen-2031>_55367,verte . . . Et Aélys dansait avec une impression
Delly_L'orgueil-dompte_<la comtesse Brorzen-2031>_55377,de vertige . Autour de sa taille souple elle sentait
Delly_L'orgueil-dompte_<la comtesse Brorzen-2031>_55380,Autour de sa taille souple elle sentait se resserrer le
Delly_L'orgueil-dompte_<la comtesse Brorzen-2031>_55392,Lothaire . À un moment elle fut tellement pressée contre
Delly_L'orgueil-dompte_<la comtesse Brorzen-2031>_55397,elle fut tellement pressée contre sa poitrine qu' elle leva
Delly_L'orgueil-dompte_<la comtesse Brorzen-2031>_55400,"pressée contre sa poitrine qu' elle leva les yeux ,"
Delly_L'orgueil-dompte_<la comtesse Brorzen-2031>_55416,"ne pas rencontrer ceux de son mari . Jamais ,"
Delly_L'orgueil-dompte_<la comtesse Brorzen-2031>_55423,". Jamais , jamais encore elle n' avait vu en"
Delly_L'orgueil-dompte_<la comtesse Brorzen-2031>_55443,". Tremblante , éblouie , elle essaya de détourner son"
Delly_L'orgueil-dompte_<la comtesse Brorzen-2031>_55447,", elle essaya de détourner son regard . Mais il"
Delly_L'orgueil-dompte_<la comtesse Brorzen-2031>_55467,"noirs qui , en ne la quittant pas , semblaient"
Delly_L'orgueil-dompte_<la comtesse Brorzen-2031>_55475,", semblaient dire : « Toi seule existes pour moi"
Delly_L'orgueil-dompte_<la comtesse Brorzen-2031>_55528,réparation éclatante et témoigner qu' elle seule occupait son attention
Delly_L'orgueil-dompte_<la comtesse Brorzen-2031>_55550,qui devait tout particulièrement frapper la princesse Jutta et ses
Delly_L'orgueil-dompte_<la comtesse Brorzen-2031>_55569,"prince quitta ses hôtes avec la jeune princesse , qui"
Delly_L'orgueil-dompte_<la comtesse Brorzen-2031>_55573,"avec la jeune princesse , qui avait peine à dissimuler"
Delly_L'orgueil-dompte_<la comtesse Brorzen-2031>_55578,qui avait peine à dissimuler sa lassitude . Trop d'
Delly_L'orgueil-dompte_<la comtesse Brorzen-2031>_55584,"lassitude . Trop d' émotions l' avaient accablée , depuis"
Delly_L'orgueil-dompte_<la comtesse Brorzen-2031>_55600,"peu comme une somnambule , elle salua machinalement , tout"
Delly_L'orgueil-dompte_<la comtesse Brorzen-2031>_55697,"de la porte . – Aélys , as - tu"
Delly_L'orgueil-dompte_<la comtesse Brorzen-2031>_55700,". – Aélys , as - tu réfléchi à ce"
Delly_L'orgueil-dompte_<la comtesse Brorzen-2031>_55707,réfléchi à ce que je t' ai dit ?La voix
Delly_L'orgueil-dompte_<la comtesse Brorzen-2031>_55727,grave . Le visage que la jeune femme tenait détourné
Delly_L'orgueil-dompte_<la comtesse Brorzen-2031>_55735,"tenait détourné frémit , puis parut se raidir . Avec"
Delly_L'orgueil-dompte_<la comtesse Brorzen-2031>_55745,"un accent qui tremblait , Aélys répondit :– Je sais"
Delly_L'orgueil-dompte_<la comtesse Brorzen-2031>_55748,"tremblait , Aélys répondit :– Je sais que je dois"
Delly_L'orgueil-dompte_<la comtesse Brorzen-2031>_55751,répondit :– Je sais que je dois vous obéir .
Delly_L'orgueil-dompte_<la comtesse Brorzen-2031>_55774,"est pas ainsi que je te veux , Aélys !Une"
Delly_L'orgueil-dompte_<la comtesse Brorzen-2031>_55777,"que je te veux , Aélys !Une main frémissante se"
Delly_L'orgueil-dompte_<la comtesse Brorzen-2031>_55799,. . . Ne peux - tu donc me dire
Delly_L'orgueil-dompte_<la comtesse Brorzen-2031>_55805,tu donc me dire que tu essayeras de m' aimer
Delly_L'orgueil-dompte_<la comtesse Brorzen-2031>_55812,de m' aimer ? Souviens - toi de Croix -
Delly_L'orgueil-dompte_<la comtesse Brorzen-2031>_55819,de Croix - Givre ! Tu m' étais déjà bien
Delly_L'orgueil-dompte_<la comtesse Brorzen-2031>_55835,"D' un violent mouvement , Aélys se recula , les"
Delly_L'orgueil-dompte_<la comtesse Brorzen-2031>_55847,"de douloureuse indignation , tout son corps tremblant . –"
Delly_L'orgueil-dompte_<la comtesse Brorzen-2031>_55855,. – Ah ! ne me dites jamais cela !
Delly_L'orgueil-dompte_<la comtesse Brorzen-2031>_55863,cela ! Faites - de moi ce que vous voudrez
Delly_L'orgueil-dompte_<la comtesse Brorzen-2031>_55899,"été plus sincère ! Je t' aimais déjà , petite"
Delly_L'orgueil-dompte_<la comtesse Brorzen-2031>_55954,. . . Qui donc t' a raconté ? .
Delly_L'orgueil-dompte_<la comtesse Brorzen-2031>_55965,. Il se rapprochait d' elle et de nouveau posa
Delly_L'orgueil-dompte_<la comtesse Brorzen-2031>_55995,"sans colère , attachés sur la jeune femme avec une"
Delly_L'orgueil-dompte_<la comtesse Brorzen-2031>_56006,passionnée . – On ne m' a pas raconté .
Delly_L'orgueil-dompte_<la comtesse Brorzen-2031>_56016,J' ai vu . – Tu as vu quoi ?Aélys
Delly_L'orgueil-dompte_<la comtesse Brorzen-2031>_56029,mots allaient s' étrangler dans sa gorge . Par un
Delly_L'orgueil-dompte_<la comtesse Brorzen-2031>_56037,"Par un grand effort , elle put prononcer en regardant"
Delly_L'orgueil-dompte_<la comtesse Brorzen-2031>_56053,"de ce jour où vous m' aviez chassée , parce"
Delly_L'orgueil-dompte_<la comtesse Brorzen-2031>_56059,"aviez chassée , parce que je m' indignais contre votre"
Delly_L'orgueil-dompte_<la comtesse Brorzen-2031>_56066,"indignais contre votre cruauté , je vous ai vu dans"
Delly_L'orgueil-dompte_<la comtesse Brorzen-2031>_56082,"» . – Ah ! je comprends , maintenant ."
Delly_L'orgueil-dompte_<la comtesse Brorzen-2031>_56103,"– . . . Et tu en as conclu ,"
Delly_L'orgueil-dompte_<la comtesse Brorzen-2031>_56108,"tu en as conclu , pauvre petite , que c'"
Delly_L'orgueil-dompte_<la comtesse Brorzen-2031>_56121,"j' aimais , tandis que toi , tu étais le"
Delly_L'orgueil-dompte_<la comtesse Brorzen-2031>_56123,", tandis que toi , tu étais le jouet ,"
Delly_L'orgueil-dompte_<la comtesse Brorzen-2031>_56142,penser tout le contraire pour te trouver dans la vérité
Delly_L'orgueil-dompte_<la comtesse Brorzen-2031>_56149,dans la vérité . – Vous oseriez m' affirmer que
Delly_L'orgueil-dompte_<la comtesse Brorzen-2031>_56154,Vous oseriez m' affirmer que vous ne l' avez pas
Delly_L'orgueil-dompte_<la comtesse Brorzen-2031>_56164,aimée . . . que vous n' auriez pas songé
Delly_L'orgueil-dompte_<la comtesse Brorzen-2031>_56181,"dernières du prince Magnus ?– Moi , épouser Sidonia ."
Delly_L'orgueil-dompte_<la comtesse Brorzen-2031>_56205,". . cette femme que je méprise , que j'"
Delly_L'orgueil-dompte_<la comtesse Brorzen-2031>_56209,"que je méprise , que j' ai toujours méprisée !"
Delly_L'orgueil-dompte_<la comtesse Brorzen-2031>_56216,"toujours méprisée ! Non , je puis t' en faire"
Delly_L'orgueil-dompte_<la comtesse Brorzen-2031>_56218,"! Non , je puis t' en faire le serment"
Delly_L'orgueil-dompte_<la comtesse Brorzen-2031>_56228,", jamais pareille pensée ne m' est venue ! Jamais"
Delly_L'orgueil-dompte_<la comtesse Brorzen-2031>_56233,m' est venue ! Jamais je ne l' ai aimée
Delly_L'orgueil-dompte_<la comtesse Brorzen-2031>_56242,aimée . . . jamais je n' ai aimé personne
Delly_L'orgueil-dompte_<la comtesse Brorzen-2031>_56248,"n' ai aimé personne que toi , ma petite Aélys"
Delly_L'orgueil-dompte_<la comtesse Brorzen-2031>_56250,"aimé personne que toi , ma petite Aélys . ."
Delly_L'orgueil-dompte_<la comtesse Brorzen-2031>_56256,petite Aélys . . . Il penchait un ardent visage
Delly_L'orgueil-dompte_<la comtesse Brorzen-2031>_56262,"penchait un ardent visage vers la jeune femme qui ,"
Delly_L'orgueil-dompte_<la comtesse Brorzen-2031>_56265,"visage vers la jeune femme qui , de nouveau ,"
Delly_L'orgueil-dompte_<la comtesse Brorzen-2031>_56285,. Des apparences ont pu te tromper . Mais il
Delly_L'orgueil-dompte_<la comtesse Brorzen-2031>_56291,"tromper . Mais il faut me croire , vois -"
Delly_L'orgueil-dompte_<la comtesse Brorzen-2031>_56295,"faut me croire , vois - tu , quand je"
Delly_L'orgueil-dompte_<la comtesse Brorzen-2031>_56299,"vois - tu , quand je t' affirme que jamais"
Delly_L'orgueil-dompte_<la comtesse Brorzen-2031>_56300,"- tu , quand je t' affirme que jamais ,"
Delly_L'orgueil-dompte_<la comtesse Brorzen-2031>_56306,"affirme que jamais , avant toi , personne n' a"
Delly_L'orgueil-dompte_<la comtesse Brorzen-2031>_56314,n' a entendu sortir de ma bouche ces mots :
Delly_L'orgueil-dompte_<la comtesse Brorzen-2031>_56320,bouche ces mots : « Je t' aime . »
Delly_L'orgueil-dompte_<la comtesse Brorzen-2031>_56321,ces mots : « Je t' aime . » Personne
Delly_L'orgueil-dompte_<la comtesse Brorzen-2031>_56327,"aime . » Personne , Aélys , parce que mon"
Delly_L'orgueil-dompte_<la comtesse Brorzen-2031>_56331,", Aélys , parce que mon cœur est toujours resté"
Delly_L'orgueil-dompte_<la comtesse Brorzen-2031>_56340,"resté insensible , parce que je méprisais trop la faiblesse"
Delly_L'orgueil-dompte_<la comtesse Brorzen-2031>_56356,"consciences qui se livraient à moi , qui se pliaient"
Delly_L'orgueil-dompte_<la comtesse Brorzen-2031>_56368,"humiliant asservissement . Mais , toi , tu n' étais"
Delly_L'orgueil-dompte_<la comtesse Brorzen-2031>_56370,". Mais , toi , tu n' étais pas ainsi"
Delly_L'orgueil-dompte_<la comtesse Brorzen-2031>_56378,"pas ainsi . . . toi , ma rose sauvage"
Delly_L'orgueil-dompte_<la comtesse Brorzen-2031>_56380,". . . toi , ma rose sauvage . ."
Delly_L'orgueil-dompte_<la comtesse Brorzen-2031>_56390,". D' une poche de sa tunique , Lothaire sortit"
Delly_L'orgueil-dompte_<la comtesse Brorzen-2031>_56393,"poche de sa tunique , Lothaire sortit un petit portefeuille"
Delly_L'orgueil-dompte_<la comtesse Brorzen-2031>_56400,"un petit portefeuille , l' ouvrit et le présenta à"
Delly_L'orgueil-dompte_<la comtesse Brorzen-2031>_56403,", l' ouvrit et le présenta à la jeune femme"
Delly_L'orgueil-dompte_<la comtesse Brorzen-2031>_56405,ouvrit et le présenta à la jeune femme . –
Delly_L'orgueil-dompte_<la comtesse Brorzen-2031>_56412,femme . – Regarde ! Te souviens - tu ?Sur
Delly_L'orgueil-dompte_<la comtesse Brorzen-2031>_56414,– Regarde ! Te souviens - tu ?Sur la soie
Delly_L'orgueil-dompte_<la comtesse Brorzen-2031>_56423,"soie couleur de pourpre , elle vit quelques églantines séchées"
Delly_L'orgueil-dompte_<la comtesse Brorzen-2031>_56434,– . . . Crois - tu que si un
Delly_L'orgueil-dompte_<la comtesse Brorzen-2031>_56442,"si un homme tel que moi , tel que tu"
Delly_L'orgueil-dompte_<la comtesse Brorzen-2031>_56446,"que moi , tel que tu me connais , conserve"
Delly_L'orgueil-dompte_<la comtesse Brorzen-2031>_56447,"moi , tel que tu me connais , conserve avec"
Delly_L'orgueil-dompte_<la comtesse Brorzen-2031>_56461,"souvenir de l' enfant que tu étais alors , ce"
Delly_L'orgueil-dompte_<la comtesse Brorzen-2031>_56471,n' est point parce que cette enfant - là lui
Delly_L'orgueil-dompte_<la comtesse Brorzen-2031>_56475,que cette enfant - là lui était déjà très chère
Delly_L'orgueil-dompte_<la comtesse Brorzen-2031>_56485,"?– Alors , pourquoi avez - vous été si mauvais"
Delly_L'orgueil-dompte_<la comtesse Brorzen-2031>_56493,si mauvais ? Pourquoi avez - vous eu cette attitude
Delly_L'orgueil-dompte_<la comtesse Brorzen-2031>_56508,"une voix étouffée . Entre ses doigts tremblants , Aélys"
Delly_L'orgueil-dompte_<la comtesse Brorzen-2031>_56512,"Entre ses doigts tremblants , Aélys serrait machinalement la chaîne"
Delly_L'orgueil-dompte_<la comtesse Brorzen-2031>_56521,chaîne de pierreries qui retenait son éventail . – C'
Delly_L'orgueil-dompte_<la comtesse Brorzen-2031>_56528,". – C' est que je suis terriblement orgueilleux ,"
Delly_L'orgueil-dompte_<la comtesse Brorzen-2031>_56533,"je suis terriblement orgueilleux , ma pauvre petite ! ."
Delly_L'orgueil-dompte_<la comtesse Brorzen-2031>_56541,! . . . Et tu ne sais pas tous
Delly_L'orgueil-dompte_<la comtesse Brorzen-2031>_56552,démons qu' « ils » m' ont mis dans le
Delly_L'orgueil-dompte_<la comtesse Brorzen-2031>_56563,"!Sa main saisissait celle d' Aélys , la pressait fiévreusement"
Delly_L'orgueil-dompte_<la comtesse Brorzen-2031>_56565,"saisissait celle d' Aélys , la pressait fiévreusement . Sa"
Delly_L'orgueil-dompte_<la comtesse Brorzen-2031>_56566,"celle d' Aélys , la pressait fiévreusement . Sa voix"
Delly_L'orgueil-dompte_<la comtesse Brorzen-2031>_56569,", la pressait fiévreusement . Sa voix prenait des accents"
Delly_L'orgueil-dompte_<la comtesse Brorzen-2031>_56585,". – . . . Ma tante , Brorzen ,"
Delly_L'orgueil-dompte_<la comtesse Brorzen-2031>_56601,tous ils ont fait de moi celui que tu ne
Delly_L'orgueil-dompte_<la comtesse Brorzen-2031>_56602,ils ont fait de moi celui que tu ne peux
Delly_L'orgueil-dompte_<la comtesse Brorzen-2031>_56604,fait de moi celui que tu ne peux aimer .
Delly_L'orgueil-dompte_<la comtesse Brorzen-2031>_56611,"peux aimer . . . celui qui fait souffrir ,"
Delly_L'orgueil-dompte_<la comtesse Brorzen-2031>_56621,même celle qui est pour lui plus que la vie
Delly_L'orgueil-dompte_<la comtesse Brorzen-2031>_56629,"la vie . Toujours , je resterai cela , si"
Delly_L'orgueil-dompte_<la comtesse Brorzen-2031>_56634,"je resterai cela , si tu te détournes de moi"
Delly_L'orgueil-dompte_<la comtesse Brorzen-2031>_56638,"si tu te détournes de moi . Car , seule"
Delly_L'orgueil-dompte_<la comtesse Brorzen-2031>_56644,". Car , seule , tu peux me sauver ."
Delly_L'orgueil-dompte_<la comtesse Brorzen-2031>_56646,", seule , tu peux me sauver . . ."
Delly_L'orgueil-dompte_<la comtesse Brorzen-2031>_56656,"Il n' y a que toi , Aélys . ."
Delly_L'orgueil-dompte_<la comtesse Brorzen-2031>_56658,"y a que toi , Aélys . . . que"
Delly_L'orgueil-dompte_<la comtesse Brorzen-2031>_56663,Aélys . . . que toi . . . Sa
Delly_L'orgueil-dompte_<la comtesse Brorzen-2031>_56667,"que toi . . . Sa voix devenait passionnée ,"
Delly_L'orgueil-dompte_<la comtesse Brorzen-2031>_56684,"qui tremblait plus fort , il appuyait des lèvres frémissantes"
Delly_L'orgueil-dompte_<la comtesse Brorzen-2031>_56695,– . . . Si tu comprenais ce que tu
Delly_L'orgueil-dompte_<la comtesse Brorzen-2031>_56699,Si tu comprenais ce que tu peux pour moi .
Delly_L'orgueil-dompte_<la comtesse Brorzen-2031>_56702,ce que tu peux pour moi . . . ce
Delly_L'orgueil-dompte_<la comtesse Brorzen-2031>_56708,. . . ce que tu es pour moi !
Delly_L'orgueil-dompte_<la comtesse Brorzen-2031>_56711,ce que tu es pour moi ! Petite fée que
Delly_L'orgueil-dompte_<la comtesse Brorzen-2031>_56713,tu es pour moi ! Petite fée que je chérissais
Delly_L'orgueil-dompte_<la comtesse Brorzen-2031>_56715,"pour moi ! Petite fée que je chérissais déjà ,"
Delly_L'orgueil-dompte_<la comtesse Brorzen-2031>_56716,"moi ! Petite fée que je chérissais déjà , autrefois"
Delly_L'orgueil-dompte_<la comtesse Brorzen-2031>_56723,"déjà , autrefois , et que j' ai cependant si"
Delly_L'orgueil-dompte_<la comtesse Brorzen-2031>_56724,", autrefois , et que j' ai cependant si brutalement"
Delly_L'orgueil-dompte_<la comtesse Brorzen-2031>_56733,brutalement traitée ! Ce souvenir m' a poursuivi pendant ces
Delly_L'orgueil-dompte_<la comtesse Brorzen-2031>_56741,pendant ces quatre années où mon orgueil m' a interdit
Delly_L'orgueil-dompte_<la comtesse Brorzen-2031>_56743,quatre années où mon orgueil m' a interdit de te
Delly_L'orgueil-dompte_<la comtesse Brorzen-2031>_56747,orgueil m' a interdit de te faire connaître mes regrets
Delly_L'orgueil-dompte_<la comtesse Brorzen-2031>_56750,"interdit de te faire connaître mes regrets , de revenir"
Delly_L'orgueil-dompte_<la comtesse Brorzen-2031>_56758,de revenir le premier vers celle que j' avais offensée
Delly_L'orgueil-dompte_<la comtesse Brorzen-2031>_56760,le premier vers celle que j' avais offensée . L'
Delly_L'orgueil-dompte_<la comtesse Brorzen-2031>_56767,offensée . L' orgueil encore m' a donné l' odieux
Delly_L'orgueil-dompte_<la comtesse Brorzen-2031>_56776,"odieux courage , depuis que tu es ici , de"
Delly_L'orgueil-dompte_<la comtesse Brorzen-2031>_56781,"tu es ici , de t' infliger tant de souffrances"
Delly_L'orgueil-dompte_<la comtesse Brorzen-2031>_56794,"et des insultes . Pardonne - moi , Aélys bien"
Delly_L'orgueil-dompte_<la comtesse Brorzen-2031>_56797,". Pardonne - moi , Aélys bien - aimée ."
Delly_L'orgueil-dompte_<la comtesse Brorzen-2031>_56804,- aimée . Dis que tu essayeras de m' aimer
Delly_L'orgueil-dompte_<la comtesse Brorzen-2031>_56807,Dis que tu essayeras de m' aimer . . .
Delly_L'orgueil-dompte_<la comtesse Brorzen-2031>_56813,aimer . . . que tu ne repousseras plus celui
Delly_L'orgueil-dompte_<la comtesse Brorzen-2031>_56819,"ne repousseras plus celui qui t' appartient uniquement , qui"
Delly_L'orgueil-dompte_<la comtesse Brorzen-2031>_56824,"t' appartient uniquement , qui te donne tout pouvoir sur"
Delly_L'orgueil-dompte_<la comtesse Brorzen-2031>_56833,"sur lui . . . Il s' interrompit , en"
Delly_L'orgueil-dompte_<la comtesse Brorzen-2031>_56842,"en étendant les bras . Aélys , toute pâle ,"
Delly_L'orgueil-dompte_<la comtesse Brorzen-2031>_56856,la trop violente émotion . Lothaire l' emporta jusqu' à
Delly_L'orgueil-dompte_<la comtesse Brorzen-2031>_56857,trop violente émotion . Lothaire l' emporta jusqu' à la
Delly_L'orgueil-dompte_<la comtesse Brorzen-2031>_56866,"la chaise longue , où il l' étendit avec le"
Delly_L'orgueil-dompte_<la comtesse Brorzen-2031>_56867,"chaise longue , où il l' étendit avec le plus"
Delly_L'orgueil-dompte_<la comtesse Brorzen-2031>_56876,"plus tendre soin . Quand Aélys rouvrit les yeux ,"
Delly_L'orgueil-dompte_<la comtesse Brorzen-2031>_56881,"Aélys rouvrit les yeux , elle le vit agenouillé près"
Delly_L'orgueil-dompte_<la comtesse Brorzen-2031>_56882,"rouvrit les yeux , elle le vit agenouillé près d'"
Delly_L'orgueil-dompte_<la comtesse Brorzen-2031>_56887,"le vit agenouillé près d' elle , son bras entourant"
Delly_L'orgueil-dompte_<la comtesse Brorzen-2031>_56889,"agenouillé près d' elle , son bras entourant ses épaules"
Delly_L'orgueil-dompte_<la comtesse Brorzen-2031>_56892,"elle , son bras entourant ses épaules , le visage"
Delly_L'orgueil-dompte_<la comtesse Brorzen-2031>_56904,"la soyeuse chevelure blonde . Elle murmura , avec un"
Delly_L'orgueil-dompte_<la comtesse Brorzen-2031>_56915,de tremblante douceur :– Pardonnez - moi . . .
Delly_L'orgueil-dompte_<la comtesse Brorzen-2031>_56920,- moi . . . Je ne savais pas que
Delly_L'orgueil-dompte_<la comtesse Brorzen-2031>_56925,Je ne savais pas que vous étiez malheureux . .
Delly_L'orgueil-dompte_<la comtesse Brorzen-2031>_56933,. . . – Et tu as pitié de moi
Delly_L'orgueil-dompte_<la comtesse Brorzen-2031>_56937,Et tu as pitié de moi ? Pitié de moi
Delly_L'orgueil-dompte_<la comtesse Brorzen-2031>_56941,de moi ? Pitié de moi ?Un rire d' âpre
Delly_L'orgueil-dompte_<la comtesse Brorzen-2031>_56953,étouffa dans la gorge de Lothaire . – . .
Delly_L'orgueil-dompte_<la comtesse Brorzen-2031>_56961,". . . C' est ma punition , cela ."
Delly_L'orgueil-dompte_<la comtesse Brorzen-2031>_56969,"cela . Il faut que je la supporte , jusqu'"
Delly_L'orgueil-dompte_<la comtesse Brorzen-2031>_56970,". Il faut que je la supporte , jusqu' au"
Delly_L'orgueil-dompte_<la comtesse Brorzen-2031>_56977,", jusqu' au jour où tu me diras : «"
Delly_L'orgueil-dompte_<la comtesse Brorzen-2031>_56978,jusqu' au jour où tu me diras : « Lothaire
Delly_L'orgueil-dompte_<la comtesse Brorzen-2031>_56982,"tu me diras : « Lothaire , je t' aime"
Delly_L'orgueil-dompte_<la comtesse Brorzen-2031>_56984,"diras : « Lothaire , je t' aime . »"
Delly_L'orgueil-dompte_<la comtesse Brorzen-2031>_56985,": « Lothaire , je t' aime . » C'"
Delly_L'orgueil-dompte_<la comtesse Brorzen-2031>_56997,rançon de tout ce que je t' ai fait subir
Delly_L'orgueil-dompte_<la comtesse Brorzen-2031>_56998,"de tout ce que je t' ai fait subir ,"
Delly_L'orgueil-dompte_<la comtesse Brorzen-2031>_57003,"t' ai fait subir , chère âme fière et sensible"
Delly_L'orgueil-dompte_<la comtesse Brorzen-2031>_57008,chère âme fière et sensible que je trouvais si ravissante
Delly_L'orgueil-dompte_<la comtesse Brorzen-2031>_57009,âme fière et sensible que je trouvais si ravissante et
Delly_L'orgueil-dompte_<la comtesse Brorzen-2031>_57014,"je trouvais si ravissante et que , pourtant , je"
Delly_L'orgueil-dompte_<la comtesse Brorzen-2031>_57018,"et que , pourtant , je prétendais asservir par une"
Delly_L'orgueil-dompte_<la comtesse Brorzen-2031>_57025,asservir par une aberration de mon orgueil . De toi
Delly_L'orgueil-dompte_<la comtesse Brorzen-2031>_57029,"de mon orgueil . De toi , j' accepte tout"
Delly_L'orgueil-dompte_<la comtesse Brorzen-2031>_57031,"orgueil . De toi , j' accepte tout . Mais"
Delly_L'orgueil-dompte_<la comtesse Brorzen-2031>_57039,. Mais sois bonne pour moi comme tu l' es
Delly_L'orgueil-dompte_<la comtesse Brorzen-2031>_57041,sois bonne pour moi comme tu l' es pour tous
Delly_L'orgueil-dompte_<la comtesse Brorzen-2031>_57050,"tous . . . Laisse - moi t' aimer ,"
Delly_L'orgueil-dompte_<la comtesse Brorzen-2031>_57052,". . Laisse - moi t' aimer , mon Aélys"
Delly_L'orgueil-dompte_<la comtesse Brorzen-2031>_57055,"- moi t' aimer , mon Aélys . . ."
Delly_L'orgueil-dompte_<la comtesse Brorzen-2031>_57060,mon Aélys . . . Il pressait contre les cheveux
Delly_L'orgueil-dompte_<la comtesse Brorzen-2031>_57066,pressait contre les cheveux d' Aélys des lèvres ardentes .
Delly_L'orgueil-dompte_<la comtesse Brorzen-2031>_57071,"Aélys des lèvres ardentes . La jeune femme , sous"
Delly_L'orgueil-dompte_<la comtesse Brorzen-2031>_57090,encore à demi connaissance . Lothaire murmura tendrement :– Ma
Delly_L'orgueil-dompte_<la comtesse Brorzen-2031>_57094,". Lothaire murmura tendrement :– Ma pauvre petite , j'"
Delly_L'orgueil-dompte_<la comtesse Brorzen-2031>_57098,":– Ma pauvre petite , j' oublie ta fatigue ,"
Delly_L'orgueil-dompte_<la comtesse Brorzen-2031>_57100,"pauvre petite , j' oublie ta fatigue , j' oublie"
Delly_L'orgueil-dompte_<la comtesse Brorzen-2031>_57103,"j' oublie ta fatigue , j' oublie que tu as"
Delly_L'orgueil-dompte_<la comtesse Brorzen-2031>_57106,"fatigue , j' oublie que tu as déjà , par"
Delly_L'orgueil-dompte_<la comtesse Brorzen-2031>_57111,"tu as déjà , par ma faute , passé de"
Delly_L'orgueil-dompte_<la comtesse Brorzen-2031>_57141,"est - ce pas , ma bien - aimée ?Elle"
Delly_L'orgueil-dompte_<la comtesse Brorzen-2031>_57152,à mi - voix :– Je l' espère . .
Delly_L'orgueil-dompte_<la comtesse Brorzen-2031>_57166,causerons . . . et je vous dirai quelque chose
Delly_L'orgueil-dompte_<la comtesse Brorzen-2031>_57174,quelque chose . . . je vous demanderai . .
Delly_L'orgueil-dompte_<la comtesse Brorzen-2031>_57183,. . – Ce que tu voudras . Je ne
Delly_L'orgueil-dompte_<la comtesse Brorzen-2031>_57186,Ce que tu voudras . Je ne te refuserai jamais
Delly_L'orgueil-dompte_<la comtesse Brorzen-2031>_57188,tu voudras . Je ne te refuserai jamais rien .
Delly_L'orgueil-dompte_<la comtesse Brorzen-2031>_57198,Ah ! ce jour où j' ai repoussé avec tant
Delly_L'orgueil-dompte_<la comtesse Brorzen-2031>_57208,de dureté la requête que tu m' adressais . .
Delly_L'orgueil-dompte_<la comtesse Brorzen-2031>_57209,dureté la requête que tu m' adressais . . .
Delly_L'orgueil-dompte_<la comtesse Brorzen-2031>_57215,adressais . . . si tu avais pu voir ce
Delly_L'orgueil-dompte_<la comtesse Brorzen-2031>_57221,"avais pu voir ce que je souffrais , tu aurais"
Delly_L'orgueil-dompte_<la comtesse Brorzen-2031>_57224,"ce que je souffrais , tu aurais été vengée aussitôt"
Delly_L'orgueil-dompte_<la comtesse Brorzen-2031>_57230,aurais été vengée aussitôt !– Je n' ai jamais souhaitée
Delly_L'orgueil-dompte_<la comtesse Brorzen-2031>_57241,être vengée !– Oh ! je le sais bien !
Delly_L'orgueil-dompte_<la comtesse Brorzen-2031>_57246,je le sais bien ! Tu es trop délicieusement bonne
Delly_L'orgueil-dompte_<la comtesse Brorzen-2031>_57268,"là . . . Que tu es belle , mon"
Delly_L'orgueil-dompte_<la comtesse Brorzen-2031>_57272,"Que tu es belle , mon Aélys . . ."
Delly_L'orgueil-dompte_<la comtesse Brorzen-2031>_57277,mon Aélys . . . ma chère églantine de Croix
Delly_L'orgueil-dompte_<la comtesse Brorzen-2031>_57290,". . Légèrement redressé , il contemplait la jeune femme"
Delly_L'orgueil-dompte_<la comtesse Brorzen-2031>_57292,"Légèrement redressé , il contemplait la jeune femme avec une"
Delly_L'orgueil-dompte_<la comtesse Brorzen-2031>_57316,"Puis d' un bond , il fut debout . –"
Delly_L'orgueil-dompte_<la comtesse Brorzen-2031>_57322,"fut debout . – Repose - toi bien , mon"
Delly_L'orgueil-dompte_<la comtesse Brorzen-2031>_57326,"Repose - toi bien , mon amour , dit -"
Delly_L'orgueil-dompte_<la comtesse Brorzen-2031>_57330,", mon amour , dit - il d' une voix"
Delly_L'orgueil-dompte_<la comtesse Brorzen-2031>_57337,d' une voix étouffée . Il s' éloigna et Aélys
Delly_L'orgueil-dompte_<la comtesse Brorzen-2031>_57341,". Il s' éloigna et Aélys se trouva seule ,"
Delly_L'orgueil-dompte_<la comtesse Brorzen-2031>_57354,bonheur inattendu qui venait de lui être donné . Le
Delly_L'orgueil-dompte_<la comtesse Brorzen-2031>_57476,", la seule présence de la princesse Aélys aurait suffi"
Delly_L'orgueil-dompte_<la comtesse Brorzen-2031>_57579,d' aller s' informer si la princesse était réveillée .
Delly_L'orgueil-dompte_<la comtesse Brorzen-2031>_57620,pensait avec anxiété : « Aélys serait - elle malade
Delly_L'orgueil-dompte_<la comtesse Brorzen-2031>_57622,anxiété : « Aélys serait - elle malade ? »La
Delly_L'orgueil-dompte_<la comtesse Brorzen-2031>_57675,- il en marchant vers elle . – Altesse .
Delly_L'orgueil-dompte_<la comtesse Brorzen-2031>_57682,– Altesse . . . la princesse . . .
Delly_L'orgueil-dompte_<la comtesse Brorzen-2031>_57694,"plus là !– Comment , elle n' est plus là"
Delly_L'orgueil-dompte_<la comtesse Brorzen-2031>_57708,ce que tu dis ?– Elle n' était pas dans
Delly_L'orgueil-dompte_<la comtesse Brorzen-2031>_57713,Elle n' était pas dans son lit quand je suis
Delly_L'orgueil-dompte_<la comtesse Brorzen-2031>_57735,", et je ne puis la trouver nulle part !–"
Delly_L'orgueil-dompte_<la comtesse Brorzen-2031>_57853,"Fincken à ses questions , la princesse , en revenant"
Delly_L'orgueil-dompte_<la comtesse Brorzen-2031>_57878,"femme de chambre , je l' ai déshabillée . Elle"
Delly_L'orgueil-dompte_<la comtesse Brorzen-2031>_57882,"je l' ai déshabillée . Elle semblait très fatiguée ,"
Delly_L'orgueil-dompte_<la comtesse Brorzen-2031>_57899,"remarqué . . . Quand elle fut couchée , elle"
Delly_L'orgueil-dompte_<la comtesse Brorzen-2031>_57903,"Quand elle fut couchée , elle me dit de la"
Delly_L'orgueil-dompte_<la comtesse Brorzen-2031>_57907,", elle me dit de la réveiller à neuf heures"
Delly_L'orgueil-dompte_<la comtesse Brorzen-2031>_57918,"demie , au cas où elle serait encore endormie ."
Delly_L'orgueil-dompte_<la comtesse Brorzen-2031>_57983,. – Tu dis que la princesse semblait distraite ?
Delly_L'orgueil-dompte_<la comtesse Brorzen-2031>_57992,? T' a - t - elle paru soucieuse .
Delly_L'orgueil-dompte_<la comtesse Brorzen-2031>_58005,"?– Oh ! non , Altesse . . . Et"
Delly_L'orgueil-dompte_<la comtesse Brorzen-2031>_58044,. – Je trouvais que la princesse n' avait jamais
Delly_L'orgueil-dompte_<la comtesse Brorzen-2031>_58110,"disparition ?– À personne , Altesse . Il n' y"
Delly_L'orgueil-dompte_<la comtesse Brorzen-2031>_58130,ai guetté le retour de Votre Altesse pour la prévenir
Delly_L'orgueil-dompte_<la comtesse Brorzen-2031>_58133,retour de Votre Altesse pour la prévenir aussitôt . .
Delly_L'orgueil-dompte_<la comtesse Brorzen-2031>_58183,manteau doublé de soie que la princesse mettait pour faire
Delly_L'orgueil-dompte_<la comtesse Brorzen-2031>_58188,"la princesse mettait pour faire sa promenade du matin ,"
Delly_L'orgueil-dompte_<la comtesse Brorzen-2031>_58201,mules de velours blanc qu' elle chaussait en quittant son
Delly_L'orgueil-dompte_<la comtesse Brorzen-2031>_58205,qu' elle chaussait en quittant son lit . . .
Delly_L'orgueil-dompte_<Lothaire-771>_21429,"platitudes à l' égard de Lothaire , ses manières cauteleuses"
Delly_L'orgueil-dompte_<Lothaire-771>_21502,responsables de l' éducation de Lothaire . Tous deux en
Delly_L'orgueil-dompte_<Lothaire-771>_21506,de Lothaire . Tous deux en avaient fait cet être
Delly_L'orgueil-dompte_<Lothaire-771>_21509,Tous deux en avaient fait cet être d' orgueil et
Delly_L'orgueil-dompte_<Lothaire-771>_21524,"deux , les premiers , l' avaient traité en divinité"
Delly_L'orgueil-dompte_<Lothaire-771>_21535,"s' étaient appliqués à flatter ses défauts , à contenter"
Delly_L'orgueil-dompte_<Lothaire-771>_21540,"ses défauts , à contenter ses pires fantaisies , à"
Delly_L'orgueil-dompte_<Lothaire-771>_21545,"ses pires fantaisies , à le persuader que , de"
Delly_L'orgueil-dompte_<Lothaire-771>_21550,"le persuader que , de sa part , tout ce"
Delly_L'orgueil-dompte_<Lothaire-771>_21585,"Chaque jour encore , elles lui étaient prodiguées par des"
Delly_L'orgueil-dompte_<Lothaire-771>_21635,"d' ailleurs , n' égalait Sidonia . Elle savait incomparablement"
Delly_L'orgueil-dompte_<Lothaire-771>_21637,", n' égalait Sidonia . Elle savait incomparablement former une"
Delly_L'orgueil-dompte_<Lothaire-771>_21647,atmosphère d' adoration autour de ce jeune prince déjà saturé
Delly_L'orgueil-dompte_<Lothaire-771>_21655,"déjà saturé d' orgueil , elle savait aussi accueillir avec"
Delly_L'orgueil-dompte_<Lothaire-771>_21696,"celle d' Aélys . Et la jeune princesse , à"
Delly_L'orgueil-dompte_<Lothaire-771>_21705,à l' aversion motivée que lui inspirait la comtesse Brorzen
Delly_L'orgueil-dompte_<Lothaire-771>_21725,mérité par le père et la fille . Ce sentiment
Delly_L'orgueil-dompte_<Lothaire-771>_21738,dans la froide politesse qu' elle témoignait à Sidonia .
Delly_L'orgueil-dompte_<Lothaire-771>_21741,politesse qu' elle témoignait à Sidonia . Une de ses
Delly_L'orgueil-dompte_<Lothaire-771>_21745,"à Sidonia . Une de ses plus pénibles épreuves ,"
Delly_L'orgueil-dompte_<Lothaire-771>_21755,"en ce palais féerique où elle souffrait silencieusement , était"
Delly_L'orgueil-dompte_<Lothaire-771>_21771,avec cette belle comtesse dont elle avait pris la place
Delly_L'orgueil-dompte_<Lothaire-771>_21787,", sans la prendre dans son cœur . À la"
Delly_L'orgueil-dompte_<Lothaire-771>_21795,À la fois parce que sa religion et sa fierté
Delly_L'orgueil-dompte_<Lothaire-771>_21798,parce que sa religion et sa fierté le lui ordonnaient
Delly_L'orgueil-dompte_<Lothaire-771>_21801,"religion et sa fierté le lui ordonnaient , elle faisait"
Delly_L'orgueil-dompte_<Lothaire-771>_21804,"fierté le lui ordonnaient , elle faisait de méritoires efforts"
Delly_L'orgueil-dompte_<Lothaire-771>_21819,mais un œil observateur pouvait la discerner dans ses regards
Delly_L'orgueil-dompte_<Lothaire-771>_21822,"observateur pouvait la discerner dans ses regards , dans son"
Delly_L'orgueil-dompte_<Lothaire-771>_21826,"dans ses regards , dans son accent , quand elle"
Delly_L'orgueil-dompte_<Lothaire-771>_21830,"dans son accent , quand elle s' adressait à Sidonia"
Delly_L'orgueil-dompte_<Lothaire-771>_21857,"À vrai dire , depuis son retour de Resberg ,"
Delly_L'orgueil-dompte_<Lothaire-771>_21862,"son retour de Resberg , Aélys devait constater que cette"
Delly_L'orgueil-dompte_<Lothaire-771>_21894,n' existait pas . Mais Aélys savait – l' information
Delly_L'orgueil-dompte_<Lothaire-771>_21899,Aélys savait – l' information lui en avait été glissée
Delly_L'orgueil-dompte_<Lothaire-771>_21944,à ce plaisir princier ? Aélys ne cherchait pas à
Delly_L'orgueil-dompte_<Lothaire-771>_21953,"à le savoir . Peu lui importait , puisque ,"
Delly_L'orgueil-dompte_<Lothaire-771>_21967,l' affection de Lothaire ne lui appartenait pas . Et
Delly_L'orgueil-dompte_<Lothaire-771>_21977,pourtant . . . si elle n' avait pas eu
Delly_L'orgueil-dompte_<Lothaire-771>_21982,elle n' avait pas eu son expérience d' autrefois .
Delly_L'orgueil-dompte_<Lothaire-771>_21993,". pourtant , comme parfois elle aurait cru . ."
Delly_L'orgueil-dompte_<Lothaire-771>_22005,c' était bien fini ! Elle ne se laisserait plus
Delly_L'orgueil-dompte_<Lothaire-771>_22025,aurait voulu sans doute que cette petite Aélys l' adorât
Delly_L'orgueil-dompte_<Lothaire-771>_22031,"petite Aélys l' adorât , elle aussi , afin de"
Delly_L'orgueil-dompte_<Lothaire-771>_22038,", afin de pouvoir mieux la faire souffrir . Elle"
Delly_L'orgueil-dompte_<Lothaire-771>_22042,"mieux la faire souffrir . Elle serait patiente , résignée"
Delly_L'orgueil-dompte_<Lothaire-771>_22049,"patiente , résignée ; mais elle résisterait au charme troublant"
Delly_L'orgueil-dompte_<Lothaire-771>_22079,personnalité séductrice entre toutes . Elle ne croirait pas à
Delly_L'orgueil-dompte_<Lothaire-771>_22096,l' indulgence souriante qu' il lui témoignait . . .
Delly_L'orgueil-dompte_<Lothaire-771>_22101,lui témoignait . . . elle ne croirait à rien
Delly_L'orgueil-dompte_<Lothaire-771>_22130,. si dure que parfois la pauvre petite princesse pleurait
Delly_L'orgueil-dompte_<Lothaire-771>_22137,"petite princesse pleurait , dans ses moments de solitude ."
Delly_L'orgueil-dompte_<Lothaire-771>_22143,moments de solitude . Mais elle se retrouvait ensuite aussi
Delly_L'orgueil-dompte_<Lothaire-771>_22157,à ne plus retomber dans sa douloureuse erreur d' autrefois
Delly_L'orgueil-dompte_<Lothaire-771>_22163,douloureuse erreur d' autrefois . Elle éprouvait une sorte de
Delly_L'orgueil-dompte_<Lothaire-771>_22187,"même , jamais il ne lui témoignait d' impatience ni"
Delly_L'orgueil-dompte_<Lothaire-771>_22208,où les plus favorisés parmi son entourage n' étaient épargnés
Delly_L'orgueil-dompte_<Lothaire-771>_22216,"étaient épargnés , il ne lui refusait rien de ce"
Delly_L'orgueil-dompte_<Lothaire-771>_22222,refusait rien de ce qu' elle demandait . Et elle
Delly_L'orgueil-dompte_<Lothaire-771>_22226,"qu' elle demandait . Et elle demandait beaucoup maintenant ,"
Delly_L'orgueil-dompte_<Lothaire-771>_22231,"elle demandait beaucoup maintenant , la princesse Aélys . Non"
Delly_L'orgueil-dompte_<Lothaire-771>_22237,"princesse Aélys . Non pour elle , certes . Mais"
Delly_L'orgueil-dompte_<Lothaire-771>_22265,"de clémence s' adressaient à elle , et que presque"
Delly_L'orgueil-dompte_<Lothaire-771>_22289,"dépouillait . Après renseignements , Aélys la présentait à son"
Delly_L'orgueil-dompte_<Lothaire-771>_22293,", Aélys la présentait à son mari . Et toujours"
Delly_L'orgueil-dompte_<Lothaire-771>_22308,"l' avoir rapidement parcourue , il y apposait les quelques"
Delly_L'orgueil-dompte_<Lothaire-771>_22322,"grâce demandée . Or , Aélys savait , par son"
Delly_L'orgueil-dompte_<Lothaire-771>_22326,", Aélys savait , par son secrétaire et par les"
Delly_L'orgueil-dompte_<Lothaire-771>_22336,"Sareczy , que jamais avant elle une seule mesure de"
Delly_L'orgueil-dompte_<Lothaire-771>_22352,lui . Qu' en concluait - elle ? Pauvre Aélys
Delly_L'orgueil-dompte_<Lothaire-771>_22355,en concluait - elle ? Pauvre Aélys qui ne pouvait
Delly_L'orgueil-dompte_<Lothaire-771>_22357,- elle ? Pauvre Aélys qui ne pouvait croire à
Delly_L'orgueil-dompte_<Lothaire-771>_22384,chaleur frémissante que prenait souvent sa voix quand il lui
Delly_L'orgueil-dompte_<Lothaire-771>_22388,souvent sa voix quand il lui adressait la parole !
Delly_L'orgueil-dompte_<Lothaire-771>_22403,"contre une violente émotion , elle songeait avec des frissons"
Delly_L'orgueil-dompte_<Lothaire-771>_22415,: « Il cherche à me prendre . . .
Delly_L'orgueil-dompte_<Lothaire-771>_22427,Croix - Givre . Et je ne veux pas .
Delly_L'orgueil-dompte_<Lothaire-771>_22434,veux pas . . . je ne veux pas !
Delly_L'orgueil-dompte_<Lothaire-771>_22446,"pourtant singulièrement indulgent à tous ses goûts , à tous"
Delly_L'orgueil-dompte_<Lothaire-771>_22451,"ses goûts , à tous ses désirs , ce prince"
Delly_L'orgueil-dompte_<Lothaire-771>_22459,"ce prince Lothaire dont on lui avait fait prévoir ,"
Delly_L'orgueil-dompte_<Lothaire-771>_22465,"avait fait prévoir , dont elle - même avait prévu"
Delly_L'orgueil-dompte_<Lothaire-771>_22483,pour tout autre que pour elle . De lui -
Delly_L'orgueil-dompte_<Lothaire-771>_22516,de rendre la toilette de la jeune princesse plus conforme
Delly_L'orgueil-dompte_<Lothaire-771>_22522,jeune princesse plus conforme à ses habitudes de modestie .
Delly_L'orgueil-dompte_<Lothaire-771>_22533,"cours des chasses , qu' elle suivait maintenant à cheval"
Delly_L'orgueil-dompte_<Lothaire-771>_22541,"à cheval , il ne lui adressait plus d' observations"
Delly_L'orgueil-dompte_<Lothaire-771>_22550,observations sur cette sensibilité qui l' éloignait des lieux où
Delly_L'orgueil-dompte_<Lothaire-771>_22586,"tout d' abord , quand la jeune femme lui avait"
Delly_L'orgueil-dompte_<Lothaire-771>_22592,jeune femme lui avait manifesté son désir d' acquérir une
Delly_L'orgueil-dompte_<Lothaire-771>_22603,"sérieuse formation intellectuelle , il la laissait non seulement libre"
Delly_L'orgueil-dompte_<Lothaire-771>_22614,"le contenter , mais encore lui apportait les livres utiles"
Delly_L'orgueil-dompte_<Lothaire-771>_22628,"et , très fréquemment , lui faisait , sur un"
Delly_L'orgueil-dompte_<Lothaire-771>_22657,le goût très fin d' Aélys . – Quand tu
Delly_L'orgueil-dompte_<Lothaire-771>_22661,d' Aélys . – Quand tu auras besoin de quelque
Delly_L'orgueil-dompte_<Lothaire-771>_22683,"- les - moi , lui avait - il dit"
Delly_L'orgueil-dompte_<Lothaire-771>_22692,dit un jour . Mais Aélys n' usait pas de
Delly_L'orgueil-dompte_<Lothaire-771>_22703,"liberté , car dès qu' elle se trouvait seule avec"
Delly_L'orgueil-dompte_<Lothaire-771>_22713,"lui , une gêne profonde la saisissait , lui enlevait"
Delly_L'orgueil-dompte_<Lothaire-771>_22716,"gêne profonde la saisissait , lui enlevait sa spontanéité habituelle"
Delly_L'orgueil-dompte_<Lothaire-771>_22718,"la saisissait , lui enlevait sa spontanéité habituelle . Elle"
Delly_L'orgueil-dompte_<Lothaire-771>_22722,enlevait sa spontanéité habituelle . Elle sentait comme une hâte
Delly_L'orgueil-dompte_<Lothaire-771>_22736,"éloigner et , quand il la quittait , elle éprouvait"
Delly_L'orgueil-dompte_<Lothaire-771>_22739,"quand il la quittait , elle éprouvait un étrange sentiment"
Delly_L'orgueil-dompte_<Lothaire-771>_22763,"plus en plus , il lui devenait difficile de réagir"
Delly_L'orgueil-dompte_<Lothaire-771>_22821,"si je ne vais pas t' emmener , pour te"
Delly_L'orgueil-dompte_<Lothaire-771>_22825,"pas t' emmener , pour te présenter à l' empereur"
Delly_L'orgueil-dompte_<Lothaire-771>_22854,", après le déjeuner . Aélys , qui n' aimait"
Delly_L'orgueil-dompte_<Lothaire-771>_22856,"le déjeuner . Aélys , qui n' aimait pas demeurer"
Delly_L'orgueil-dompte_<Lothaire-771>_22871,ouvrage de filet . Sur ses genoux dormait le petit
Delly_L'orgueil-dompte_<Lothaire-771>_22879,"le petit singe , qui l' avait prise en grande"
Delly_L'orgueil-dompte_<Lothaire-771>_22907,"familières qu' autrefois , regardait la jeune femme avec une"
Delly_L'orgueil-dompte_<Lothaire-771>_22922,"Sans lever la tête , elle répondit froidement :– J'"
Delly_L'orgueil-dompte_<Lothaire-771>_22926,", elle répondit froidement :– J' aimerais que vous m'"
Delly_L'orgueil-dompte_<Lothaire-771>_22930,":– J' aimerais que vous m' en dispensiez , pour"
Delly_L'orgueil-dompte_<Lothaire-771>_22938,", pour le moment . Je suis encore si novice"
Delly_L'orgueil-dompte_<Lothaire-771>_22944,suis encore si novice que je craindrais de commettre beaucoup
Delly_L'orgueil-dompte_<Lothaire-771>_22956,. – Pourquoi en commettrais - tu plus qu' ici
Delly_L'orgueil-dompte_<Lothaire-771>_22963,"plus qu' ici , où tu tiens fort bien ton"
Delly_L'orgueil-dompte_<Lothaire-771>_22967,où tu tiens fort bien ton rôle de princesse ?–
Delly_L'orgueil-dompte_<Lothaire-771>_22974,de princesse ?– Sauf quand je joue à cache -
Delly_L'orgueil-dompte_<Lothaire-771>_22986,"Gisèle et Jacques , dit - elle avec un de"
Delly_L'orgueil-dompte_<Lothaire-771>_23004,"tout , venaient irrésistiblement à ses lèvres . – Oh"
Delly_L'orgueil-dompte_<Lothaire-771>_23014,"! de cela , je t' ai absoute . ."
Delly_L'orgueil-dompte_<Lothaire-771>_23022,. . . et je te permets de recommencer même
Delly_L'orgueil-dompte_<Lothaire-771>_23037,peut - être n' as - tu pas attendu ma
Delly_L'orgueil-dompte_<Lothaire-771>_23050,"souriait , en penchant vers la jeune femme son visage"
Delly_L'orgueil-dompte_<Lothaire-771>_23074,suis bien rendu compte que j' étais dans mon tort
Delly_L'orgueil-dompte_<Lothaire-771>_23077,"compte que j' étais dans mon tort , surtout en"
Delly_L'orgueil-dompte_<Lothaire-771>_23086,en oubliant qu' on devait m' attendre pour le café
Delly_L'orgueil-dompte_<Lothaire-771>_23094,le café . C' était me conduire en petite fille
Delly_L'orgueil-dompte_<Lothaire-771>_23109,"bien ! voilà ce que tu es , en effet"
Delly_L'orgueil-dompte_<Lothaire-771>_23117,"en effet . . . une petite fille charmante ,"
Delly_L'orgueil-dompte_<Lothaire-771>_23127,"et toujours déraisonnable , mais que j' ai pourtant bien"
Delly_L'orgueil-dompte_<Lothaire-771>_23154,coup derrière les épaules d' Aélys . Une bouche ardente
Delly_L'orgueil-dompte_<Lothaire-771>_23168,boucles légères en murmurant :– Aélys aux cheveux d' or
Delly_L'orgueil-dompte_<Lothaire-771>_23176,"d' or . . . Elle bondit , le repoussa"
Delly_L'orgueil-dompte_<Lothaire-771>_23180,". Elle bondit , le repoussa avec tant de violence"
Delly_L'orgueil-dompte_<Lothaire-771>_23195,"à terre . Debout , redressée , pâle jusqu' aux"
Delly_L'orgueil-dompte_<Lothaire-771>_23203,"jusqu' aux lèvres tremblantes , elle attachait sur Lothaire des"
Delly_L'orgueil-dompte_<Lothaire-771>_23229,sorte de terreur . – Je vous ai dit que
Delly_L'orgueil-dompte_<Lothaire-771>_23234,Je vous ai dit que je ne supporterais pas que
Delly_L'orgueil-dompte_<Lothaire-771>_23249,comme là - bas . Je ne veux pas .
Delly_L'orgueil-dompte_<Lothaire-771>_23256,veux pas . . . je ne veux pas !–
Delly_L'orgueil-dompte_<Lothaire-771>_23261,je ne veux pas !– Tu ne veux pas ?
Delly_L'orgueil-dompte_<Lothaire-771>_23280,j' en ai assez de tes enfantillages ?Il se renversait
Delly_L'orgueil-dompte_<Lothaire-771>_23309,yeux parut si insoutenable à la jeune femme qu' elle
Delly_L'orgueil-dompte_<Lothaire-771>_23313,à la jeune femme qu' elle dut un instant détourner
Delly_L'orgueil-dompte_<Lothaire-771>_23325,. – . . . Tu es une jeune personne
Delly_L'orgueil-dompte_<Lothaire-771>_23327,. . . Tu es une jeune personne pieuse .
Delly_L'orgueil-dompte_<Lothaire-771>_23338,. Eh bien ! je te conseille de t' enquérir
Delly_L'orgueil-dompte_<Lothaire-771>_23363,"l' aimer . . . Tu entends , de l'"
Delly_L'orgueil-dompte_<Lothaire-771>_23372,"l' aimer ? Or , toi , tu m' as"
Delly_L'orgueil-dompte_<Lothaire-771>_23374,"? Or , toi , tu m' as dit un"
Delly_L'orgueil-dompte_<Lothaire-771>_23381,as dit un jour que tu me détestais . Ton
Delly_L'orgueil-dompte_<Lothaire-771>_23385,que tu me détestais . Ton attitude actuelle me donne
Delly_L'orgueil-dompte_<Lothaire-771>_23393,me donne à penser que tu n' as pas changé
Delly_L'orgueil-dompte_<Lothaire-771>_23403,de sentiment . . . Aélys ne répondit pas .
Delly_L'orgueil-dompte_<Lothaire-771>_23411,"pas . De nouveau , elle le regardait avec une"
Delly_L'orgueil-dompte_<Lothaire-771>_23450,"avec tant de violence que la bête sursauta , avec"
Delly_L'orgueil-dompte_<Lothaire-771>_23461,"long gémissement de douleur . Aélys tressaillit , jeta un"
Delly_L'orgueil-dompte_<Lothaire-771>_23464,"douleur . Aélys tressaillit , jeta un cri indigné :–"
Delly_L'orgueil-dompte_<Lothaire-771>_23470,un cri indigné :– Que lui faites - vous ?Il
Delly_L'orgueil-dompte_<Lothaire-771>_23488,"ironie :– Ah ! je te conseille , toi ,"
Delly_L'orgueil-dompte_<Lothaire-771>_23491,"! je te conseille , toi , de t' apitoyer"
Delly_L'orgueil-dompte_<Lothaire-771>_23503,que je fais souffrir ! Tu sais les venger .
Delly_L'orgueil-dompte_<Lothaire-771>_23523,leva en repoussant du pied la bête pantelante qui levait
Delly_L'orgueil-dompte_<Lothaire-771>_23526,du pied la bête pantelante qui levait sur lui des
Delly_L'orgueil-dompte_<Lothaire-771>_23543,"Il faut en finir , Aélys . Nous ne pouvons"
Delly_L'orgueil-dompte_<Lothaire-771>_23566,". À mon retour , tu choisiras : ou bien"
Delly_L'orgueil-dompte_<Lothaire-771>_23571,tu choisiras : ou bien tu me diras : «
Delly_L'orgueil-dompte_<Lothaire-771>_23578,"diras : « Lothaire , je suis toute à toi"
Delly_L'orgueil-dompte_<Lothaire-771>_23590,". . ou , si tu persistes dans ton attitude"
Delly_L'orgueil-dompte_<Lothaire-771>_23593,", si tu persistes dans ton attitude , je te"
Delly_L'orgueil-dompte_<Lothaire-771>_23597,"dans ton attitude , je te ferai conduire dans un"
Delly_L'orgueil-dompte_<Lothaire-771>_23616,"mariage . Après quoi , tu seras renvoyée au Château"
Delly_L'orgueil-dompte_<Lothaire-771>_23625,"Château - Vert , où tu auras l' avantage de"
Delly_L'orgueil-dompte_<Lothaire-771>_23664,. jamais je ne pourrai vous dire cela . .
Delly_L'orgueil-dompte_<Lothaire-771>_23683,"ce que nous verrons . Tu réfléchiras , je le"
Delly_L'orgueil-dompte_<Lothaire-771>_23692,le veux . Mais je t' avertis qu' il est
Delly_L'orgueil-dompte_<Lothaire-771>_23713,jusqu' ici le tort de t' accorder . Les ménagements
Delly_L'orgueil-dompte_<Lothaire-771>_23779,"de communication , tandis qu' Aélys songeait tout à coup"
Delly_L'orgueil-dompte_<Lothaire-771>_23794,est vrai . . . je devais prendre une leçon
Delly_L'orgueil-dompte_<Lothaire-771>_23805,chant . . . Mais je ne pourrai jamais en
Delly_L'orgueil-dompte_<Lothaire-771>_23816,"moment . . . »– Vous voilà , madame Herz"
Delly_L'orgueil-dompte_<Lothaire-771>_23819,". »– Vous voilà , madame Herz ? La princesse"
Delly_L'orgueil-dompte_<Lothaire-771>_23851,– . . . Mais vous allez nous faire entendre
Delly_L'orgueil-dompte_<Lothaire-771>_23856,vous allez nous faire entendre votre belle voix . Vous
Delly_L'orgueil-dompte_<Lothaire-771>_23860,entendre votre belle voix . Vous connaissez mes morceaux préférés
Delly_L'orgueil-dompte_<Lothaire-771>_23875,"quelques - uns , je vous les accompagnerai . –"
Delly_L'orgueil-dompte_<Lothaire-771>_23894,Altesse voudra . . . Aélys perçut l' accent troublé
Delly_L'orgueil-dompte_<Lothaire-771>_23922,eût enviées une sirène . La jeune femme se laissa
Delly_L'orgueil-dompte_<Lothaire-771>_23929,femme se laissa retomber sur son siège . Il lui
Delly_L'orgueil-dompte_<Lothaire-771>_23933,sur son siège . Il lui sembla que ses jambes
Delly_L'orgueil-dompte_<Lothaire-771>_23936,. Il lui sembla que ses jambes ne la soutenaient
Delly_L'orgueil-dompte_<Lothaire-771>_23939,sembla que ses jambes ne la soutenaient plus . La
Delly_L'orgueil-dompte_<Lothaire-771>_23951,terrible scène avait produit sur elle un si puissant effet
Delly_L'orgueil-dompte_<Lothaire-771>_23963,"réaction violente se produisait , la laissant presque sans forces"
Delly_L'orgueil-dompte_<Lothaire-771>_23994,". Puis la voix de Mme Herz s' éleva ,"
Delly_L'orgueil-dompte_<Lothaire-771>_24008,d' une puissante sonorité . Elle chantait la Violette de
Delly_L'orgueil-dompte_<Lothaire-771>_24038,dit un jour : « Tu chantes cela divinement .
Delly_L'orgueil-dompte_<Lothaire-771>_24050,voix superbe ! » pensa Aélys en frissonnant de malaise
Delly_L'orgueil-dompte_<Lothaire-771>_24062,"le piano se tut , elle entendit Lothaire qui disait"
Delly_L'orgueil-dompte_<Lothaire-771>_24068,entendit Lothaire qui disait :– Vous vous êtes surpassée aujourd'
Delly_L'orgueil-dompte_<Lothaire-771>_24100,Heures enchantées . . . La cantatrice prononça quelques mots
Delly_L'orgueil-dompte_<Lothaire-771>_24127,":– Je le veux , Marie . Puis , il"
Delly_L'orgueil-dompte_<Lothaire-771>_24183,"ou plutôt du cœur de Marie Herz , en ce"
Delly_L'orgueil-dompte_<Lothaire-771>_24244,Lothaire se leva . – Vous avez bien mérité que
Delly_L'orgueil-dompte_<Lothaire-771>_24250,"avez bien mérité que je vous offre quelques roses ,"
Delly_L'orgueil-dompte_<Lothaire-771>_24278,le jardin d' hiver . Aélys les vit s' engager
Delly_L'orgueil-dompte_<Lothaire-771>_24300,main sur l' épaule de Marie Herz et lui parlait
Delly_L'orgueil-dompte_<Lothaire-771>_24303,épaule de Marie Herz et lui parlait à mi -
Delly_L'orgueil-dompte_<Lothaire-771>_24322,parvint jusqu' aux oreilles de la jeune princesse immobile dans
Delly_L'orgueil-dompte_<Lothaire-771>_24327,"la jeune princesse immobile dans son fauteuil , et si"
Delly_L'orgueil-dompte_<Lothaire-771>_24334,", et si pâle qu' elle eût pu rivaliser sur"
Delly_L'orgueil-dompte_<Lothaire-771>_24365,se leva et vint à elle . Aélys étendit sa
Delly_L'orgueil-dompte_<Lothaire-771>_24367,et vint à elle . Aélys étendit sa petite main
Delly_L'orgueil-dompte_<Lothaire-771>_24369,"à elle . Aélys étendit sa petite main glacée ,"
Delly_L'orgueil-dompte_<Lothaire-771>_24386,de la bête . – Mon pauvre Ahmed ! murmura
Delly_L'orgueil-dompte_<Lothaire-771>_24393,Ahmed ! murmura - t - elle . Puis elle
Delly_L'orgueil-dompte_<Lothaire-771>_24397,t - elle . Puis elle songea tout à coup
Delly_L'orgueil-dompte_<Lothaire-771>_24410,Sucy allait apparaître . Et elle ne pourrait supporter de
Delly_L'orgueil-dompte_<Lothaire-771>_24422,", dans l' état où elle se trouvait . ."
Delly_L'orgueil-dompte_<Lothaire-771>_24435,". . il fallait qu' elle fût seule , pour"
Delly_L'orgueil-dompte_<Lothaire-771>_24447,"tumulte et la révolte de son cœur , de sa"
Delly_L'orgueil-dompte_<Lothaire-771>_24451,"de son cœur , de sa pensée , pour dominer"
Delly_L'orgueil-dompte_<Lothaire-771>_24456,"sa pensée , pour dominer sa colère et cette souffrance"
Delly_L'orgueil-dompte_<Lothaire-771>_24475,l' ultimatum qui venait de lui être posé . Elle
Delly_L'orgueil-dompte_<Lothaire-771>_24479,de lui être posé . Elle se leva avec effort
Delly_L'orgueil-dompte_<Lothaire-771>_24498,"orage , cette fois . Elle gagna sa chambre et"
Delly_L'orgueil-dompte_<Lothaire-771>_24500,"cette fois . Elle gagna sa chambre et , dédaignant"
Delly_L'orgueil-dompte_<Lothaire-771>_24511,"appeler une des caméristes , mit des vêtements de sortie"
Delly_L'orgueil-dompte_<Lothaire-771>_24517,des vêtements de sortie . Aélys de Croix - Givre
Delly_L'orgueil-dompte_<Lothaire-771>_24532,l' art de se servir elle - même . Et
Delly_L'orgueil-dompte_<Lothaire-771>_24546,"au Vieux - Château , elle y reprendrait vite et"
Delly_L'orgueil-dompte_<Lothaire-771>_24553,reprendrait vite et sans peine ses habitudes de simplicité .
Delly_L'orgueil-dompte_<Lothaire-771>_24571,"C' était tout ce qu' elle désirait , en venant"
Delly_L'orgueil-dompte_<Lothaire-771>_24600,"donc cet étrange frisson qui la glaçait , corps et"
Delly_L'orgueil-dompte_<Lothaire-771>_24613,"telle perspective ne pouvait que la réjouir , après tout"
Delly_L'orgueil-dompte_<Lothaire-771>_24620,", après tout ce qu' elle avait souffert ici ."
Delly_L'orgueil-dompte_<Lothaire-771>_24630,. . tout ce qu' elle souffrirait encore si elle
Delly_L'orgueil-dompte_<Lothaire-771>_24634,qu' elle souffrirait encore si elle y demeurait . En
Delly_L'orgueil-dompte_<Lothaire-771>_24645,"gestes rapides et nerveux , la jeune femme s' enveloppa"
Delly_L'orgueil-dompte_<Lothaire-771>_24655,"dans un grand manteau , entoura ses cheveux d' une"
Delly_L'orgueil-dompte_<Lothaire-771>_24656,"un grand manteau , entoura ses cheveux d' une mantille"
Delly_L'orgueil-dompte_<Lothaire-771>_24665,mantille de couleur blanche et ouvrit l' une des portes
Delly_L'orgueil-dompte_<Lothaire-771>_24675,vitrées qui donnaient directement de sa chambre sur la terrasse
Delly_L'orgueil-dompte_<Lothaire-771>_24684,"terrasse . Ahmed , qui l' avait suivie , sortit"
Delly_L'orgueil-dompte_<Lothaire-771>_24690,"avait suivie , sortit avec elle . En soupirant d'"
Delly_L'orgueil-dompte_<Lothaire-771>_24697,"En soupirant d' angoisse , elle pensa : « Tout"
Delly_L'orgueil-dompte_<Lothaire-771>_24711,» fait souffrir viennent à moi . Hélas ! que
Delly_L'orgueil-dompte_<Lothaire-771>_24717,. Hélas ! que pourrai - je maintenant pour eux
Delly_L'orgueil-dompte_<la princesse-2260>_60937,"répliquer :– Altesse Sérénissime , la princesse a déjà dans"
Delly_L'orgueil-dompte_<la princesse-2260>_60961,"de tout leur cœur pour elle , même sans la"
Delly_L'orgueil-dompte_<la princesse-2260>_61024,"grâce . Car , que la princesse soit morte ou"
Delly_L'orgueil-dompte_<la princesse-2260>_61035,", tous ceux qui avaient sa sympathie resteront désormais sacrés"
Delly_L'orgueil-dompte_<la princesse-2260>_61100,Seigneur ! . . . Pauvre petite princesse ! Sans
Delly_L'orgueil-dompte_<la princesse-2260>_61105,Pauvre petite princesse ! Sans elle . . . Ah
Delly_L'orgueil-dompte_<la princesse-2260>_61163,"enveloppée d' une étoffe qui l' étouffait à demi ,"
Delly_L'orgueil-dompte_<la princesse-2260>_61168,"l' étouffait à demi , Aélys avait presque perdu connaissance"
Delly_L'orgueil-dompte_<la princesse-2260>_61174,avait presque perdu connaissance . Elle se sentit pourtant enlevée
Delly_L'orgueil-dompte_<la princesse-2260>_61180,"se sentit pourtant enlevée de son lit , emportée par"
Delly_L'orgueil-dompte_<la princesse-2260>_61197,"coup , avaient surgi dans sa chambre , sortant elle"
Delly_L'orgueil-dompte_<la princesse-2260>_61201,"dans sa chambre , sortant elle ne savait d' où"
Delly_L'orgueil-dompte_<la princesse-2260>_61218,"air froid de la nuit la pénétrait , en dépit"
Delly_L'orgueil-dompte_<la princesse-2260>_61227,dépit du manteau dont on l' avait entourée . La
Delly_L'orgueil-dompte_<la princesse-2260>_61233,avait entourée . La conscience lui revenait peu à peu
Delly_L'orgueil-dompte_<la princesse-2260>_61239,"revenait peu à peu , elle songeait avec terreur :"
Delly_L'orgueil-dompte_<la princesse-2260>_61251,est - ce ? Que me veut - on ?
Delly_L'orgueil-dompte_<la princesse-2260>_61258,- on ? Qui donc m' emporte ainsi ? »Les
Delly_L'orgueil-dompte_<la princesse-2260>_61294,marchèrent - ils ainsi ? Aélys ne pouvait s' en
Delly_L'orgueil-dompte_<la princesse-2260>_61302,s' en rendre compte . Elle eut enfin l' impression
Delly_L'orgueil-dompte_<la princesse-2260>_61319,", bien chauffé . Puis elle fut étendue sur quelque"
Delly_L'orgueil-dompte_<la princesse-2260>_61337,"on desserra l' étoffe qui l' enveloppait , et elle"
Delly_L'orgueil-dompte_<la princesse-2260>_61341,"qui l' enveloppait , et elle entendit ensuite des pas"
Delly_L'orgueil-dompte_<la princesse-2260>_61362,"verrous tirés . Alors , elle se redressa , écarta"
Delly_L'orgueil-dompte_<la princesse-2260>_61366,", elle se redressa , écarta complètement l' étoffe ."
Delly_L'orgueil-dompte_<la princesse-2260>_61373,l' étoffe . . . Elle se trouvait dans une
Delly_L'orgueil-dompte_<la princesse-2260>_61449,"En tournant la tête , Aélys vit , près du"
Delly_L'orgueil-dompte_<la princesse-2260>_61456,", près du matelas où elle était étendue , un"
Delly_L'orgueil-dompte_<la princesse-2260>_61480,de chambre avaient préparé pour son lever . « Où
Delly_L'orgueil-dompte_<la princesse-2260>_61486,lever . « Où suis - je donc ? »
Delly_L'orgueil-dompte_<la princesse-2260>_61494,? » murmura - t - elle avec effroi .
Delly_L'orgueil-dompte_<la princesse-2260>_61499,- elle avec effroi . Elle se mit debout et
Delly_L'orgueil-dompte_<la princesse-2260>_61504,"Elle se mit debout et revêtit le peignoir , chaussa"
Delly_L'orgueil-dompte_<la princesse-2260>_61508,"et revêtit le peignoir , chaussa les mules qu' elle"
Delly_L'orgueil-dompte_<la princesse-2260>_61512,", chaussa les mules qu' elle vit par terre ."
Delly_L'orgueil-dompte_<la princesse-2260>_61519,"par terre . Alors , elle examina de plus près"
Delly_L'orgueil-dompte_<la princesse-2260>_61526,de plus près ce qu' elle nommait déjà sa prison
Delly_L'orgueil-dompte_<la princesse-2260>_61529,ce qu' elle nommait déjà sa prison . Car il
Delly_L'orgueil-dompte_<la princesse-2260>_61540,pouvait exister aucun doute : elle était victime d' une
Delly_L'orgueil-dompte_<la princesse-2260>_61560,noms se présentaient aussitôt à ses pensées : la princesse
Delly_L'orgueil-dompte_<la princesse-2260>_61593,"aussitôt , cette sinistre pensée lui vint : « Alors"
Delly_L'orgueil-dompte_<la princesse-2260>_61601,"« Alors , ils vont me tuer , pour m'"
Delly_L'orgueil-dompte_<la princesse-2260>_61605,"vont me tuer , pour m' enlever de leur route"
Delly_L'orgueil-dompte_<la princesse-2260>_61616,"»Elle frissonna , en joignant ses mains glacées . Mourir"
Delly_L'orgueil-dompte_<la princesse-2260>_61632,l' avenir s' éclairait pour elle . . . quand
Delly_L'orgueil-dompte_<la princesse-2260>_61637,elle . . . quand elle voyait la tâche magnifique
Delly_L'orgueil-dompte_<la princesse-2260>_61643,voyait la tâche magnifique qui lui était réservée près de
Delly_L'orgueil-dompte_<la princesse-2260>_61654,". . . Lothaire qui l' aimait si passionnément ,"
Delly_L'orgueil-dompte_<la princesse-2260>_61662,"passionnément , si absolument ! Elle n' avait pu se"
Delly_L'orgueil-dompte_<la princesse-2260>_61690,", qui jetait à bas son orgueil . . ."
Delly_L'orgueil-dompte_<la princesse-2260>_61698,. . qui implorait d' elle un peu d' amour
Delly_L'orgueil-dompte_<la princesse-2260>_61727,"qu' en ce moment , Aélys tressaillait d' un regret"
Delly_L'orgueil-dompte_<la princesse-2260>_61754,instants de bonheur . « Je vous aime depuis longtemps
Delly_L'orgueil-dompte_<la princesse-2260>_61762,depuis longtemps . » Car elle pouvait les prononcer en
Delly_L'orgueil-dompte_<la princesse-2260>_61770,prononcer en toute sincérité . Elle comprenait maintenant que sa
Delly_L'orgueil-dompte_<la princesse-2260>_61774,". Elle comprenait maintenant que sa souffrance , depuis des"
Delly_L'orgueil-dompte_<la princesse-2260>_61792,amour n' avait existé dans son cœur pour ce fiancé
Delly_L'orgueil-dompte_<la princesse-2260>_61802,", pour cet époux qui lui avait infligé tant de"
Delly_L'orgueil-dompte_<la princesse-2260>_61842,"douloureuse s' était révélée à elle , en un cri"
Delly_L'orgueil-dompte_<la princesse-2260>_61853,détresse passionnée . Et si elle ne devait plus le
Delly_L'orgueil-dompte_<la princesse-2260>_61865,"il ne saurait jamais qu' Aélys , sa petite fée"
Delly_L'orgueil-dompte_<la princesse-2260>_61867,"saurait jamais qu' Aélys , sa petite fée , l'"
Delly_L'orgueil-dompte_<la princesse-2260>_61888,encore . « Ah ! je ne me pardonnerai pas
Delly_L'orgueil-dompte_<la princesse-2260>_61899,! » murmura - t - elle en se tordant
Delly_L'orgueil-dompte_<la princesse-2260>_61913,bruit d' un verrou tiré la fit à ce moment
Delly_L'orgueil-dompte_<la princesse-2260>_61920,à ce moment tressaillir . Elle se tourna vivement vers
Delly_L'orgueil-dompte_<la princesse-2260>_61939,ce fut sans surprise qu' elle vit apparaître le comte
Delly_L'orgueil-dompte_<la princesse-2260>_61947,le comte Brorzen . – Je ne m' étais pas
Delly_L'orgueil-dompte_<la princesse-2260>_61960,"qualité du criminel , dit - elle , avec mépris"
Delly_L'orgueil-dompte_<la princesse-2260>_61969,"mépris . – Vraiment , madame ? . . ."
Delly_L'orgueil-dompte_<la princesse-2260>_61982,", peut - être avez - vous compris le motif"
Delly_L'orgueil-dompte_<la princesse-2260>_62004,", Brorzen s' avançait vers la jeune femme . Elle"
Delly_L'orgueil-dompte_<la princesse-2260>_62008,vers la jeune femme . Elle le toisa avec hauteur
Delly_L'orgueil-dompte_<la princesse-2260>_62019,– Je me doute que j' étais un obstacle aux
Delly_L'orgueil-dompte_<la princesse-2260>_62055,"l' admiration sans bornes que vous avez su inspirer ,"
Delly_L'orgueil-dompte_<la princesse-2260>_62060,"vous avez su inspirer , madame , au plus dévoué"
Delly_L'orgueil-dompte_<la princesse-2260>_62066,", au plus dévoué de vos serviteurs . . ."
Delly_L'orgueil-dompte_<la princesse-2260>_62078,de Brorzen achevait d' éclairer Aélys sur le sens de
Delly_L'orgueil-dompte_<la princesse-2260>_62086,sens de cette phrase . Elle eut un violent sursaut
Delly_L'orgueil-dompte_<la princesse-2260>_62105,"! taisez - vous , misérable ! Si ma vie"
Delly_L'orgueil-dompte_<la princesse-2260>_62108,"vous , misérable ! Si ma vie vous gêne ,"
Delly_L'orgueil-dompte_<la princesse-2260>_62110,"misérable ! Si ma vie vous gêne , vous et"
Delly_L'orgueil-dompte_<la princesse-2260>_62113,"ma vie vous gêne , vous et vos complices ,"
Delly_L'orgueil-dompte_<la princesse-2260>_62115,"vous gêne , vous et vos complices , prenez -"
Delly_L'orgueil-dompte_<la princesse-2260>_62119,"et vos complices , prenez - la , mais épargnez"
Delly_L'orgueil-dompte_<la princesse-2260>_62124,"- la , mais épargnez - moi l' insulte de"
Delly_L'orgueil-dompte_<la princesse-2260>_62133,de telles paroles ! Croyez - vous donc que je
Delly_L'orgueil-dompte_<la princesse-2260>_62137,Croyez - vous donc que je sois femme à les
Delly_L'orgueil-dompte_<la princesse-2260>_62149,"Il le faudra cependant , madame . Car vous ne"
Delly_L'orgueil-dompte_<la princesse-2260>_62152,"cependant , madame . Car vous ne devez garder aucun"
Delly_L'orgueil-dompte_<la princesse-2260>_62172,"jamais l' idée de venir vous chercher ici , d'"
Delly_L'orgueil-dompte_<la princesse-2260>_62184,que les recherches effectuées pour vous retrouver lui donneront très
Delly_L'orgueil-dompte_<la princesse-2260>_62193,très vite la certitude que vous n' êtes plus en
Delly_L'orgueil-dompte_<la princesse-2260>_62207,", tout est organisé par moi pour faire croire que"
Delly_L'orgueil-dompte_<la princesse-2260>_62212,moi pour faire croire que vous vous êtes jetée dans
Delly_L'orgueil-dompte_<la princesse-2260>_62229,l' on ne pourrait retrouver votre corps . . .
Delly_L'orgueil-dompte_<la princesse-2260>_62248,. . . mais qui vous veut à lui et
Delly_L'orgueil-dompte_<la princesse-2260>_62265,"Ainsi donc , le prince vous croira morte . Je"
Delly_L'orgueil-dompte_<la princesse-2260>_62269,prince vous croira morte . Je vous laisserai quelque temps
Delly_L'orgueil-dompte_<la princesse-2260>_62270,vous croira morte . Je vous laisserai quelque temps ici
Delly_L'orgueil-dompte_<la princesse-2260>_62286,présente une occasion favorable pour vous faire sortir secrètement de
Delly_L'orgueil-dompte_<la princesse-2260>_62296,"la principauté . Alors , je vous conduirai en Allemagne"
Delly_L'orgueil-dompte_<la princesse-2260>_62297,"principauté . Alors , je vous conduirai en Allemagne ,"
Delly_L'orgueil-dompte_<la princesse-2260>_62308,un charmant petit château dont je suis propriétaire . Vous
Delly_L'orgueil-dompte_<la princesse-2260>_62312,dont je suis propriétaire . Vous y serez un peu
Delly_L'orgueil-dompte_<la princesse-2260>_62321,"peu prisonnière , parce que je crains que vous ne"
Delly_L'orgueil-dompte_<la princesse-2260>_62324,parce que je crains que vous ne vous montriez pas
Delly_L'orgueil-dompte_<la princesse-2260>_62333,pas très raisonnable . Mais je vous ferai une existence
Delly_L'orgueil-dompte_<la princesse-2260>_62334,très raisonnable . Mais je vous ferai une existence si
Delly_L'orgueil-dompte_<la princesse-2260>_62341,une existence si agréable que vous finirez bien par oublier
Delly_L'orgueil-dompte_<la princesse-2260>_62361,"existait bien des épines pour vous , Éve incomparable ,"
Delly_L'orgueil-dompte_<la princesse-2260>_62363,"des épines pour vous , Éve incomparable , car le"
Delly_L'orgueil-dompte_<la princesse-2260>_62374,Lothaire . . . – Je vous défends de me
Delly_L'orgueil-dompte_<la princesse-2260>_62375,. . . – Je vous défends de me parler
Delly_L'orgueil-dompte_<la princesse-2260>_62378,– Je vous défends de me parler de lui !Aélys
Delly_L'orgueil-dompte_<la princesse-2260>_62407,ricanement . – Oh ! je pense bien qu' il
Delly_L'orgueil-dompte_<la princesse-2260>_62413,pense bien qu' il ne vous a pas laissée complètement
Delly_L'orgueil-dompte_<la princesse-2260>_62426,dépit de ce qu' il vous a fait subir !
Delly_L'orgueil-dompte_<la princesse-2260>_62433,"fait subir ! Mais croyez - moi , ne le"
Delly_L'orgueil-dompte_<la princesse-2260>_62450,de s' attacher réellement ; ma fille en a fait
Delly_L'orgueil-dompte_<la princesse-2260>_62461,"très cruelle expérience . Avec votre nature , vous n'"
Delly_L'orgueil-dompte_<la princesse-2260>_62464,". Avec votre nature , vous n' auriez cessé de"
Delly_L'orgueil-dompte_<la princesse-2260>_62474,"souffrir . Un jour , vous me remercierez de vous"
Delly_L'orgueil-dompte_<la princesse-2260>_62475,". Un jour , vous me remercierez de vous avoir"
Delly_L'orgueil-dompte_<la princesse-2260>_62478,", vous me remercierez de vous avoir enlevée au sort"
Delly_L'orgueil-dompte_<la princesse-2260>_62484,"avoir enlevée au sort qui vous attendait , près d'"
Delly_L'orgueil-dompte_<la princesse-2260>_62527,", odieux hypocrite , sinon vous et cette princesse Jutta"
Delly_L'orgueil-dompte_<la princesse-2260>_62536,"Jutta , aussi mauvaise que vous - même ? Ah"
Delly_L'orgueil-dompte_<la princesse-2260>_62542,"- même ? Ah ! je sais tout cela ,"
Delly_L'orgueil-dompte_<la princesse-2260>_62552,maintenant ! . . . Je sais de quoi vous
Delly_L'orgueil-dompte_<la princesse-2260>_62563,capables ! Aussi ne puis - je m' étonner du
Delly_L'orgueil-dompte_<la princesse-2260>_62571,étonner du nouveau crime que vous commettez aujourd' hui .
Delly_L'orgueil-dompte_<la princesse-2260>_62576,vous commettez aujourd' hui . Brorzen dit sourdement :– Oh
Delly_L'orgueil-dompte_<la princesse-2260>_62583,"sourdement :– Oh ! que vous êtes belle , quand"
Delly_L'orgueil-dompte_<la princesse-2260>_62588,"vous êtes belle , quand vous vous fâchez ainsi !"
Delly_L'orgueil-dompte_<la princesse-2260>_62609,courage ? . . . Elle l' interrompit de nouveau
Delly_L'orgueil-dompte_<la princesse-2260>_62610,"? . . . Elle l' interrompit de nouveau ,"
Delly_L'orgueil-dompte_<la princesse-2260>_62620,avec une violence farouche :– Je vous ai défendu de
Delly_L'orgueil-dompte_<la princesse-2260>_62621,une violence farouche :– Je vous ai défendu de me
Delly_L'orgueil-dompte_<la princesse-2260>_62625,Je vous ai défendu de me parler de lui !
Delly_L'orgueil-dompte_<la princesse-2260>_62634,! Sortez d' ici ! Vous n' êtes qu' un
Delly_L'orgueil-dompte_<la princesse-2260>_62638,! Vous n' êtes qu' un misérable lâche !Brorzen se
Delly_L'orgueil-dompte_<la princesse-2260>_62649,", les poings crispés . Ses yeux s' injectaient de"
Delly_L'orgueil-dompte_<la princesse-2260>_62660,. – Ah ! ne me bravez pas trop !
Delly_L'orgueil-dompte_<la princesse-2260>_62665,me bravez pas trop ! Je veux bien avoir égard
Delly_L'orgueil-dompte_<la princesse-2260>_62671,"veux bien avoir égard à votre premier saisissement , mais"
Delly_L'orgueil-dompte_<la princesse-2260>_62685,". . . Oui , je vais vous laisser ,"
Delly_L'orgueil-dompte_<la princesse-2260>_62687,". Oui , je vais vous laisser , parce que"
Delly_L'orgueil-dompte_<la princesse-2260>_62692,"vous laisser , parce que je ne puis m' attarder"
Delly_L'orgueil-dompte_<la princesse-2260>_62699,puis m' attarder ici . Il importe que personne ne
Delly_L'orgueil-dompte_<la princesse-2260>_62707,"personne ne se doute de ma sortie nocturne , au"
Delly_L'orgueil-dompte_<la princesse-2260>_62718,", et il faut que je puisse jouer mon rôle"
Delly_L'orgueil-dompte_<la princesse-2260>_62721,faut que je puisse jouer mon rôle devant le prince
Delly_L'orgueil-dompte_<la princesse-2260>_62729,"le prince , quand il m' appellera pour me faire"
Delly_L'orgueil-dompte_<la princesse-2260>_62732,quand il m' appellera pour me faire part de votre
Delly_L'orgueil-dompte_<la princesse-2260>_62736,pour me faire part de votre disparition . La prudence
Delly_L'orgueil-dompte_<la princesse-2260>_62744,La prudence exigera aussi que je ne vienne pas ici
Delly_L'orgueil-dompte_<la princesse-2260>_62762,"soupçon . Mais ensuite , vous me reverrez . ."
Delly_L'orgueil-dompte_<la princesse-2260>_62763,". Mais ensuite , vous me reverrez . . ."
Delly_L'orgueil-dompte_<la princesse-2260>_62772,". et il faudra alors me recevoir autrement , madame"
Delly_L'orgueil-dompte_<la princesse-2260>_62776,"alors me recevoir autrement , madame !Aélys dédaigna de répliquer"
Delly_L'orgueil-dompte_<la princesse-2260>_62786,". La tête redressée , elle attachait sur Brorzen un"
Delly_L'orgueil-dompte_<la princesse-2260>_62798,du plus intense mépris . Il dit avec une sorte
Delly_L'orgueil-dompte_<la princesse-2260>_62817,n' espérez rien qui puisse vous sauver ! J' ai
Delly_L'orgueil-dompte_<la princesse-2260>_62820,qui puisse vous sauver ! J' ai pris toutes mes
Delly_L'orgueil-dompte_<la princesse-2260>_62824,! J' ai pris toutes mes dispositions . . .
Delly_L'orgueil-dompte_<la princesse-2260>_62830,dispositions . . . car je sais quel sort m'
Delly_L'orgueil-dompte_<la princesse-2260>_62834,car je sais quel sort m' attendrait si jamais le
Delly_L'orgueil-dompte_<la princesse-2260>_62844,"prince savait . . . Il faut vous résigner ,"
Delly_L'orgueil-dompte_<la princesse-2260>_62846,". . . Il faut vous résigner , accepter le"
Delly_L'orgueil-dompte_<la princesse-2260>_62853,", accepter le sort que je vous réserve , en"
Delly_L'orgueil-dompte_<la princesse-2260>_62854,"accepter le sort que je vous réserve , en vous"
Delly_L'orgueil-dompte_<la princesse-2260>_62858,"je vous réserve , en vous disant que vous serez"
Delly_L'orgueil-dompte_<la princesse-2260>_62861,", en vous disant que vous serez vite oubliée à"
Delly_L'orgueil-dompte_<la princesse-2260>_62892,ponctua la phrase . Comme Aélys ne prononçait pas un
Delly_L'orgueil-dompte_<la princesse-2260>_62899,prononçait pas un mot et gardait son attitude de suprême
Delly_L'orgueil-dompte_<la princesse-2260>_62900,pas un mot et gardait son attitude de suprême dédain
Delly_L'orgueil-dompte_<la princesse-2260>_62906,"attitude de suprême dédain , le comte en réprimant avec"
Delly_L'orgueil-dompte_<la princesse-2260>_62912,"comte en réprimant avec peine sa fureur , ajouta :–"
Delly_L'orgueil-dompte_<la princesse-2260>_62917,"sa fureur , ajouta :– Je n' ai pu vous"
Delly_L'orgueil-dompte_<la princesse-2260>_62921,:– Je n' ai pu vous donner un logis plus
Delly_L'orgueil-dompte_<la princesse-2260>_62948,. Il a donc fallu me contenter d' y mettre
Delly_L'orgueil-dompte_<la princesse-2260>_62957,mettre quelques objets susceptibles de vous donner un peu de
Delly_L'orgueil-dompte_<la princesse-2260>_62966,"de confort . S' il vous manque quelque chose ,"
Delly_L'orgueil-dompte_<la princesse-2260>_62977,"- le à Markus , votre gardien , qui fera"
Delly_L'orgueil-dompte_<la princesse-2260>_62985,qui fera son possible pour vous satisfaire . Mais n'
Delly_L'orgueil-dompte_<la princesse-2260>_63001,"pour le faire entrer dans votre jeu , car cet"
Delly_L'orgueil-dompte_<la princesse-2260>_63007,"jeu , car cet homme m' est dévoué jusqu' à"
Delly_L'orgueil-dompte_<la princesse-2260>_63015,"jusqu' à la mort , je vous en avertis ."
Delly_L'orgueil-dompte_<la princesse-2260>_63016,"à la mort , je vous en avertis . Sur"
Delly_L'orgueil-dompte_<la princesse-2260>_63024,". Sur ces mots , Brorzen s' inclina profondément et"
Delly_L'orgueil-dompte_<la princesse-2260>_63029,Brorzen s' inclina profondément et sortit de la pièce .
Delly_L'orgueil-dompte_<la princesse-2260>_63034,"sortit de la pièce . Aélys , alors , se"
Delly_L'orgueil-dompte_<la princesse-2260>_63044,traîna jusqu' au fauteuil . Elle avait mis toutes ses
Delly_L'orgueil-dompte_<la princesse-2260>_63048,. Elle avait mis toutes ses forces à soutenir la
Delly_L'orgueil-dompte_<la princesse-2260>_63056,"soutenir la lutte morale contre le misérable et , subitement"
Delly_L'orgueil-dompte_<la princesse-2260>_63062,"misérable et , subitement , elle fléchissait , à bout"
Delly_L'orgueil-dompte_<la princesse-2260>_63081,fut assez longue . Quand la jeune femme revint à
Delly_L'orgueil-dompte_<la princesse-2260>_63086,"la jeune femme revint à elle , sa pensée ,"
Delly_L'orgueil-dompte_<la princesse-2260>_63088,"femme revint à elle , sa pensée , pendant quelque"
Delly_L'orgueil-dompte_<la princesse-2260>_63099,", demeura incertaine . Puis elle se souvint et un"
Delly_L'orgueil-dompte_<la princesse-2260>_63106,souvint et un grand frisson la glaça . Brorzen !
Delly_L'orgueil-dompte_<la princesse-2260>_63109,grand frisson la glaça . Brorzen ! . . .
Delly_L'orgueil-dompte_<la princesse-2260>_63114,Brorzen ! . . . l' affreux Brorzen !En quelle
Delly_L'orgueil-dompte_<la princesse-2260>_63123,quelle épouvantable situation se trouvait - elle placée ? Lothaire
Delly_L'orgueil-dompte_<la princesse-2260>_63129,"elle placée ? Lothaire allait la croire morte , disparue"
Delly_L'orgueil-dompte_<la princesse-2260>_63145,rivière . . . et elle se trouvait au pouvoir
Delly_L'orgueil-dompte_<la princesse-2260>_63151,"se trouvait au pouvoir de cet homme , capable de"
Delly_L'orgueil-dompte_<la princesse-2260>_63161,"tous les crimes , comme il l' avait bien prouvé"
Delly_L'orgueil-dompte_<la princesse-2260>_63162,"les crimes , comme il l' avait bien prouvé par"
Delly_L'orgueil-dompte_<la princesse-2260>_63167,l' avait bien prouvé par sa conduite envers la pauvre
Delly_L'orgueil-dompte_<la princesse-2260>_63183,"les mains :« Lothaire , mon Lothaire ! . ."
Delly_L'orgueil-dompte_<la princesse-2260>_63206,le candélabre d' argent . Aélys jeta autour d' elle
Delly_L'orgueil-dompte_<la princesse-2260>_63210,. Aélys jeta autour d' elle un regard un peu
Delly_L'orgueil-dompte_<la princesse-2260>_63245,de solives noircies ?Une pensée lui vint subitement . Brorzen
Delly_L'orgueil-dompte_<la princesse-2260>_63249,pensée lui vint subitement . Brorzen n' aurait - il
Delly_L'orgueil-dompte_<la princesse-2260>_63252,"subitement . Brorzen n' aurait - il pas choisi ,"
Delly_L'orgueil-dompte_<la princesse-2260>_63258,"il pas choisi , pour l' y enfermer provisoirement ,"
Delly_L'orgueil-dompte_<la princesse-2260>_63268,ce vieux château où déjà il détenait une autre prisonnière
Delly_L'orgueil-dompte_<la princesse-2260>_63276,"autre prisonnière , victime de sa haine ? La geôle"
Delly_L'orgueil-dompte_<la princesse-2260>_63318,. Lothaire n' aurait jamais l' idée d' y venir
Delly_L'orgueil-dompte_<la princesse-2260>_63331,". D' ailleurs , si Brorzen disait vrai , il"
Delly_L'orgueil-dompte_<la princesse-2260>_63335,"si Brorzen disait vrai , il croirait à sa mort"
Delly_L'orgueil-dompte_<la princesse-2260>_63444,de ne pas voir reparaître Brorzen d' ici quelque temps
Delly_L'orgueil-dompte_<Aélys-558>_15710,avait étouffé les pas d' Aélys . La jeune princesse
Delly_L'orgueil-dompte_<Aélys-558>_15712,les pas d' Aélys . La jeune princesse frappa au
Delly_L'orgueil-dompte_<Aélys-558>_15741,"un ton de surprise :– Toi , Aélys !– Pouvez"
Delly_L'orgueil-dompte_<Aélys-558>_15743,"de surprise :– Toi , Aélys !– Pouvez - vous"
Delly_L'orgueil-dompte_<Aélys-558>_15746,"Toi , Aélys !– Pouvez - vous me donner un"
Delly_L'orgueil-dompte_<Aélys-558>_15774,un coup d' œil rapide la jeune femme si visiblement
Delly_L'orgueil-dompte_<Aélys-558>_15783,"visiblement émue , agitée , qui avançait d' un pas"
Delly_L'orgueil-dompte_<Aélys-558>_15791,un pas hésitant . – Tu ne me déranges pas
Delly_L'orgueil-dompte_<Aélys-558>_15884,"raconte - moi cela . Elle s' approcha , mais"
Delly_L'orgueil-dompte_<Aélys-558>_15889,"Elle s' approcha , mais resta debout , se maîtrisant"
Delly_L'orgueil-dompte_<Aélys-558>_15896,", se maîtrisant de tout son pouvoir pour conserver un"
Delly_L'orgueil-dompte_<Aélys-558>_15934,". ? En vérité , Aélys , tu as une"
Delly_L'orgueil-dompte_<Aélys-558>_15936,"En vérité , Aélys , tu as une singulière audace"
Delly_L'orgueil-dompte_<Aélys-558>_15942,as une singulière audace !Mais elle ne baissa pas les
Delly_L'orgueil-dompte_<Aélys-558>_15958,sombre et dur . – Je ne sais si j'
Delly_L'orgueil-dompte_<Aélys-558>_15962,– Je ne sais si j' ai de l' audace
Delly_L'orgueil-dompte_<Aélys-558>_15971,audace . . . mais je ne puis voir commettre
Delly_L'orgueil-dompte_<Aélys-558>_15989,". . . Oui , j' aime mieux vous dire"
Delly_L'orgueil-dompte_<Aélys-558>_16004,que vous savez bien que je suis franche . .
Delly_L'orgueil-dompte_<Aélys-558>_16032,"jamais , même pas si tu me répètes aujourd' hui"
Delly_L'orgueil-dompte_<Aélys-558>_16039,répètes aujourd' hui ce que tu m' as dit un
Delly_L'orgueil-dompte_<Aélys-558>_16058,"bien ! mais , que tu me détestais !Le visage"
Delly_L'orgueil-dompte_<Aélys-558>_16059,"! mais , que tu me détestais !Le visage déjà"
Delly_L'orgueil-dompte_<Aélys-558>_16066,!Le visage déjà rougissant de la jeune femme se couvrit
Delly_L'orgueil-dompte_<Aélys-558>_16099,– Ce n' est pas votre façon de traiter un
Delly_L'orgueil-dompte_<Aélys-558>_16153,"il avait l' air de la défier , de se"
Delly_L'orgueil-dompte_<Aélys-558>_16205,"Il n' y a que toi , Aélys , pour"
Delly_L'orgueil-dompte_<Aélys-558>_16207,"y a que toi , Aélys , pour avoir cette"
Delly_L'orgueil-dompte_<Aélys-558>_16231,"Eh bien ! que dirais - tu si , pour"
Delly_L'orgueil-dompte_<Aélys-558>_16236,"- tu si , pour t' accorder cette grâce ,"
Delly_L'orgueil-dompte_<Aélys-558>_16255,"même qu' autrefois , quand tu obtins de moi que"
Delly_L'orgueil-dompte_<Aélys-558>_16284,"tout à coup , quittait son visage , l' angoisse"
Delly_L'orgueil-dompte_<Aélys-558>_16306,– Je dirais que je vous crois incapable d' exiger
Delly_L'orgueil-dompte_<Aélys-558>_16319,un mensonge . Quel effort lui coûtait l' apparente fermeté
Delly_L'orgueil-dompte_<Aélys-558>_16356,", pour une fois que tu as bonne opinion de"
Delly_L'orgueil-dompte_<Aélys-558>_16367,", je ne veux pas te décevoir . Donc ,"
Delly_L'orgueil-dompte_<Aélys-558>_16388,"et même , pour rassasier ton ardeur de charité ,"
Delly_L'orgueil-dompte_<Aélys-558>_16394,"ardeur de charité , je t' autorise à le prendre"
Delly_L'orgueil-dompte_<Aélys-558>_16400,autorise à le prendre dans ta domesticité . Ce n'
Delly_L'orgueil-dompte_<Aélys-558>_16448,soigner ! . . . M' autorisez - vous à
Delly_L'orgueil-dompte_<Aélys-558>_16450,. . . M' autorisez - vous à le faire
Delly_L'orgueil-dompte_<Aélys-558>_16461,au médecin ?– Pendant que je suis sur la voie
Delly_L'orgueil-dompte_<Aélys-558>_16471,"des concessions , autant que j' autorise tout . Quel"
Delly_L'orgueil-dompte_<Aélys-558>_16529,qui se hasardait timidement de son côté . Elle le
Delly_L'orgueil-dompte_<Aélys-558>_16558,"Tu peux l' emporter ; je te le donne ,"
Delly_L'orgueil-dompte_<Aélys-558>_16569,"il te plaît , dit Lothaire en se levant nonchalamment"
Delly_L'orgueil-dompte_<Aélys-558>_16576,"se levant nonchalamment . – Je le veux bien ,"
Delly_L'orgueil-dompte_<Aélys-558>_16582,"le veux bien , si vous ne devez pas en"
Delly_L'orgueil-dompte_<Aélys-558>_16591,en être privé . Mais je vous avais entendu dire
Delly_L'orgueil-dompte_<Aélys-558>_16592,être privé . Mais je vous avais entendu dire que
Delly_L'orgueil-dompte_<Aélys-558>_16597,vous avais entendu dire que vous teniez à ce gentil
Delly_L'orgueil-dompte_<Aélys-558>_16605,ce gentil Jekko . – Me crois - tu donc
Delly_L'orgueil-dompte_<Aélys-558>_16607,Jekko . – Me crois - tu donc capable d'
Delly_L'orgueil-dompte_<Aélys-558>_16621,"ou quelque chose ?Aussitôt , Aélys évoqua un beau visage"
Delly_L'orgueil-dompte_<Aélys-558>_16649,cela . . . et Lothaire aimait toujours la comtesse
Delly_L'orgueil-dompte_<Aélys-558>_16656,toujours la comtesse Brorzen . Elle retint un petit frisson
Delly_L'orgueil-dompte_<Aélys-558>_16666,"et , sans répondre , baissa les yeux sur Jekko"
Delly_L'orgueil-dompte_<Aélys-558>_16675,"Jekko . – Le crois - tu , voyons ?Lothaire"
Delly_L'orgueil-dompte_<Aélys-558>_16683,voyons ?Lothaire s' approchait d' elle et posait la main
Delly_L'orgueil-dompte_<Aélys-558>_16685,s' approchait d' elle et posait la main sur son
Delly_L'orgueil-dompte_<Aélys-558>_16689,et posait la main sur son épaule . – Oui
Delly_L'orgueil-dompte_<Aélys-558>_16696,. – Oui . Puis elle s' écarta brusquement et
Delly_L'orgueil-dompte_<Aélys-558>_16701,elle s' écarta brusquement et dit avec une sorte de
Delly_L'orgueil-dompte_<Aélys-558>_16708,une sorte de hâte :– Je vous laisse . .
Delly_L'orgueil-dompte_<Aélys-558>_16709,sorte de hâte :– Je vous laisse . . .
Delly_L'orgueil-dompte_<Aélys-558>_16717,. . Merci encore . Elle s' éloigna de ce
Delly_L'orgueil-dompte_<Aélys-558>_16732,était bien toujours celui de la fillette du Vieux -
Delly_L'orgueil-dompte_<Aélys-558>_16739,du Vieux - Château . Lothaire la suivit jusqu' au
Delly_L'orgueil-dompte_<Aélys-558>_16740,Vieux - Château . Lothaire la suivit jusqu' au seuil
Delly_L'orgueil-dompte_<Aélys-558>_16749,"seuil du cabinet . Puis il se détourna , le"
Delly_L'orgueil-dompte_<Aélys-558>_16764,":« Non , non , je ne serai pas si"
Delly_L'orgueil-dompte_<Aélys-558>_16776,si fou . . . Je veux être non le
Delly_L'orgueil-dompte_<Aélys-558>_16797,à Sôhnthal le surlendemain . Aélys lui fit le plus
Delly_L'orgueil-dompte_<Aélys-558>_16823,"manquement à l' étiquette , voulut aller l' installer elle"
Delly_L'orgueil-dompte_<Aélys-558>_16825,"l' étiquette , voulut aller l' installer elle - même"
Delly_L'orgueil-dompte_<Aélys-558>_16827,", voulut aller l' installer elle - même dans l'"
Delly_L'orgueil-dompte_<Aélys-558>_16834,même dans l' appartement qu' elle lui avait fait préparer
Delly_L'orgueil-dompte_<Aélys-558>_16835,"dans l' appartement qu' elle lui avait fait préparer ,"
Delly_L'orgueil-dompte_<Aélys-558>_16861,"de Sucy . Sôhnthal émerveilla Cécile , dès le premier"
Delly_L'orgueil-dompte_<Aélys-558>_16877,"que cette demeure féerique , la jeune princesse pour laquelle"
Delly_L'orgueil-dompte_<Aélys-558>_16881,", la jeune princesse pour laquelle semblait avoir été créé"
Delly_L'orgueil-dompte_<Aélys-558>_16890,créé un tel cadre et qui s' y mouvait avec
Delly_L'orgueil-dompte_<Aélys-558>_16902,"aisance . Très discrète , Mlle de Forsan ne hasarda"
Delly_L'orgueil-dompte_<Aélys-558>_16919,"inquiétudes , aux angoisses que lui avait laissé entrevoir son"
Delly_L'orgueil-dompte_<Aélys-558>_16923,que lui avait laissé entrevoir son amie avant son mariage
Delly_L'orgueil-dompte_<Aélys-558>_16926,laissé entrevoir son amie avant son mariage . De son
Delly_L'orgueil-dompte_<Aélys-558>_16930,"avant son mariage . De son côté , Aélys ne"
Delly_L'orgueil-dompte_<Aélys-558>_16933,". De son côté , Aélys ne lui fit aucune"
Delly_L'orgueil-dompte_<Aélys-558>_16935,"son côté , Aélys ne lui fit aucune confidence ;"
Delly_L'orgueil-dompte_<Aélys-558>_16941,fit aucune confidence ; mais la nouvelle venue remarqua qu'
Delly_L'orgueil-dompte_<Aélys-558>_16946,la nouvelle venue remarqua qu' elle parlait fort peu de
Delly_L'orgueil-dompte_<Aélys-558>_16951,"elle parlait fort peu de son mari et , par"
Delly_L'orgueil-dompte_<Aélys-558>_16958,"et , par moments , semblait rêveuse , mélancolique ,"
Delly_L'orgueil-dompte_<Aélys-558>_16965,", mélancolique , préoccupée . Cécile fut présentée au prince"
Delly_L'orgueil-dompte_<Aélys-558>_16979,l' après - midi . Elle parut très vivement impressionnée
Delly_L'orgueil-dompte_<Aélys-558>_16995,", bien qu' il ne lui eût témoigné qu' une"
Delly_L'orgueil-dompte_<Aélys-558>_17004,une courtoisie assez froide . Aélys s' en aperçut et
Delly_L'orgueil-dompte_<Aélys-558>_17010,s' en aperçut et en éprouva une contrariété mélangée d'
Delly_L'orgueil-dompte_<Aélys-558>_17020,"inquiétude . Quoi donc , cette sérieuse et calme Cécile"
Delly_L'orgueil-dompte_<Aélys-558>_17025,cette sérieuse et calme Cécile elle - même . .
Delly_L'orgueil-dompte_<Aélys-558>_17048,"exceptions près , ainsi qu' elle avait déjà pu le"
Delly_L'orgueil-dompte_<Aélys-558>_17072,de ce redoutable enchanteur ?Avait - elle donc eu tort
Delly_L'orgueil-dompte_<Aélys-558>_17080,eu tort d' appeler ici son amie ? Si cette
Delly_L'orgueil-dompte_<Aélys-558>_17084,ici son amie ? Si cette pauvre Cécile allait passer
Delly_L'orgueil-dompte_<Aélys-558>_17115,ne s' avisât pas de l' y encourager ? Car
Delly_L'orgueil-dompte_<Aélys-558>_17120,l' y encourager ? Car elle commençait d' acquérir un
Delly_L'orgueil-dompte_<Aélys-558>_17129,"un peu d' expérience , la princesse Aélys – grâce"
Delly_L'orgueil-dompte_<Aélys-558>_17178,l' esprit déjà prévenu d' une jeune femme intelligente et
Delly_L'orgueil-dompte_<Aélys-558>_17248,", aucun des ennemis de la jeune princesse n' avait"
Delly_L'orgueil-dompte_<Aélys-558>_17287,"l' après - midi , Aélys en avait profité pour"
Delly_L'orgueil-dompte_<Aélys-558>_17364,"d' une grâce irrésistible . Aélys , qui avait toujours"
Delly_L'orgueil-dompte_<Aélys-558>_17366,"grâce irrésistible . Aélys , qui avait toujours d' inépuisables"
Delly_L'orgueil-dompte_<Aélys-558>_17452,"de fées . Bientôt , Aélys , désireuse de les"
Delly_L'orgueil-dompte_<Aélys-558>_17485,". . . Oui , je vous enlève vos chers"
Delly_L'orgueil-dompte_<Aélys-558>_17486,". . Oui , je vous enlève vos chers petits"
Delly_L'orgueil-dompte_<Aélys-558>_17488,"Oui , je vous enlève vos chers petits , madame"
Delly_L'orgueil-dompte_<Aélys-558>_17492,"enlève vos chers petits , madame . À tout à"
Delly_L'orgueil-dompte_<Aélys-558>_17507,"enfant par la main et sortit , aussi vive ,"
Delly_L'orgueil-dompte_<Aélys-558>_17593,"un quinconce de marronniers , Aélys organisa une partie de"
Delly_L'orgueil-dompte_<Aélys-558>_17604,"- cache . Bientôt , elle y prit autant de"
Delly_L'orgueil-dompte_<Aélys-558>_17619,". Pour un moment , elle oubliait la souffrance ,"
Delly_L'orgueil-dompte_<Aélys-558>_17634,"jour étreignaient un peu plus son âme , elle redevenait"
Delly_L'orgueil-dompte_<Aélys-558>_17637,"peu plus son âme , elle redevenait la jeune Aélys"
Delly_L'orgueil-dompte_<Aélys-558>_17639,"son âme , elle redevenait la jeune Aélys rieuse ,"
Delly_L'orgueil-dompte_<Aélys-558>_17652,", un petit elfe bondissant qui courait naguère dans les"
Delly_L'orgueil-dompte_<Aélys-558>_17695,la ceinture verte . Quand elle saisissait un des enfants
Delly_L'orgueil-dompte_<Aélys-558>_17701,"saisissait un des enfants , la jeune femme l' enlevait"
Delly_L'orgueil-dompte_<Aélys-558>_17707,"jeune femme l' enlevait entre ses mains , le regardait"
Delly_L'orgueil-dompte_<Aélys-558>_17711,"entre ses mains , le regardait un instant en riant"
Delly_L'orgueil-dompte_<Aélys-558>_17717,un instant en riant . Elle tenait la tête un
Delly_L'orgueil-dompte_<Aélys-558>_17753,une blancheur nacrée . Puis elle embrassait l' enfant en
Delly_L'orgueil-dompte_<Aélys-558>_17763,le serrant bien fort contre elle et recommençait la poursuite
Delly_L'orgueil-dompte_<Aélys-558>_17765,"bien fort contre elle et recommençait la poursuite , infatigable"
Delly_L'orgueil-dompte_<Aélys-558>_17772,"poursuite , infatigable autant que ses petits compagnons . Tout"
Delly_L'orgueil-dompte_<Aélys-558>_17780,". Tout à coup , Gisèle eut un cri léger"
Delly_L'orgueil-dompte_<Aélys-558>_17786,"eut un cri léger . Aélys , qui venait d'"
Delly_L'orgueil-dompte_<Aélys-558>_17788,"cri léger . Aélys , qui venait d' attraper le"
Delly_L'orgueil-dompte_<Aélys-558>_17800,", se tourna vivement de son côté . En un"
Delly_L'orgueil-dompte_<Aélys-558>_17809,"un coup d' œil , elle se rendit compte de"
Delly_L'orgueil-dompte_<Aélys-558>_17820,qui causait l' émoi de la petite fille . Au
Delly_L'orgueil-dompte_<Aélys-558>_17879,vive sur le visage d' Aélys . En reposant Jacques
Delly_L'orgueil-dompte_<Aélys-558>_17887,"reposant Jacques à terre , la jeune femme dit à"
Delly_L'orgueil-dompte_<Aélys-558>_17907,"faut aller le saluer , mes chers petits . Elle"
Delly_L'orgueil-dompte_<Aélys-558>_17911,", mes chers petits . Elle les prit chacun par"
Delly_L'orgueil-dompte_<Aélys-558>_17920,par la main et s' avança vers Lothaire qui n'
Delly_L'orgueil-dompte_<Aélys-558>_17934,"En voyant cette attitude , Aélys songea avec quelque appréhension"
Delly_L'orgueil-dompte_<Aélys-558>_17953,"Qu' il se fâche contre moi , peu importe ;"
Delly_L'orgueil-dompte_<Aélys-558>_17982,"»Cette crainte se reflétait sur sa physionomie , dans les"
Delly_L'orgueil-dompte_<Aélys-558>_18059,", en mon absence , la princesse héritière de Waldenstein"
Delly_L'orgueil-dompte_<Aélys-558>_18114,"aussi aérienne . Oui , tu es toujours la même"
Delly_L'orgueil-dompte_<Aélys-558>_18120,"es toujours la même , Aélys . Elle détourna légèrement"
Delly_L'orgueil-dompte_<Aélys-558>_18122,"la même , Aélys . Elle détourna légèrement son regard"
Delly_L'orgueil-dompte_<Aélys-558>_18125,Aélys . Elle détourna légèrement son regard . Une émotion
Delly_L'orgueil-dompte_<Aélys-558>_18131,regard . Une émotion violente la serrait au cœur .
Delly_L'orgueil-dompte_<Aélys-558>_18138,au cœur . Pourquoi donc la regardait - il ainsi
Delly_L'orgueil-dompte_<Aélys-1321>_36027,"Non loin de là , Aélys continuait de causer avec"
Delly_L'orgueil-dompte_<Aélys-1321>_36036,avec Mme de Villerennes . La jeune princesse était délaissée
Delly_L'orgueil-dompte_<Aélys-1321>_36064,prince songeait à faire rompre son mariage . Ce bruit
Delly_L'orgueil-dompte_<Aélys-1321>_36090,"Lothaire depuis quelques jours . Aélys , tout à coup"
Delly_L'orgueil-dompte_<Aélys-1321>_36101,eut un léger étouffement et serra d' un geste nerveux
Delly_L'orgueil-dompte_<Aélys-1321>_36111,la monture d' ivoire . Son mari venait vers elle
Delly_L'orgueil-dompte_<Aélys-1321>_36115,. Son mari venait vers elle . Il demanda :–
Delly_L'orgueil-dompte_<Aélys-1321>_36120,"elle . Il demanda :– Tu ne danses pas ,"
Delly_L'orgueil-dompte_<Aélys-1321>_36130,"ce soir ?– Non , je suis fatiguée . –"
Delly_L'orgueil-dompte_<Aélys-1321>_36137,fatiguée . – Qu' as - tu ? . .
Delly_L'orgueil-dompte_<Aélys-1321>_36143,tu ? . . . Ta voix semble enrouée .
Delly_L'orgueil-dompte_<Aélys-1321>_36149,"voix semble enrouée . – J' ai pris froid ,"
Delly_L'orgueil-dompte_<Aélys-1321>_36158,", ce matin , répondit - elle brièvement . Elle"
Delly_L'orgueil-dompte_<Aélys-1321>_36162,répondit - elle brièvement . Elle agitait d' un mouvement
Delly_L'orgueil-dompte_<Aélys-1321>_36172,"machinal , l' éventail devant son visage brillant en évitant"
Delly_L'orgueil-dompte_<Aélys-1321>_36184,Lothaire . – N' as - tu pas de la
Delly_L'orgueil-dompte_<Aélys-1321>_36219,– Pourquoi ? Rien ne t' oblige à demeurer ici
Delly_L'orgueil-dompte_<Aélys-1321>_36263,"plus fort . Bientôt , elle sentait qu' il la"
Delly_L'orgueil-dompte_<Aélys-1321>_36267,", elle sentait qu' il la terrasserait . Avec une"
Delly_L'orgueil-dompte_<Aélys-1321>_36276,"une sorte de hâte , elle prit congé de la"
Delly_L'orgueil-dompte_<Aélys-1321>_36284,"de la princesse Jutta , répondit par un salut circulaire"
Delly_L'orgueil-dompte_<Aélys-1321>_36292,"salut circulaire aux révérences et inclinations des personnes présentes ,"
Delly_L'orgueil-dompte_<Aélys-1321>_36305,"main sur le bras que lui présentait le prince ,"
Delly_L'orgueil-dompte_<Aélys-1321>_36310,"lui présentait le prince , quitta le salon . Dans"
Delly_L'orgueil-dompte_<Aélys-1321>_36326,"arrêta . – Je vais te dire au revoir ,"
Delly_L'orgueil-dompte_<Aélys-1321>_36334,"revoir , car je ne te verrai pas demain ."
Delly_L'orgueil-dompte_<Aélys-1321>_36340,"verrai pas demain . Soigne - toi sérieusement , si"
Delly_L'orgueil-dompte_<Aélys-1321>_36357,". . Au revoir . Elle s' écarta , en"
Delly_L'orgueil-dompte_<Aélys-1321>_36367,serrant contre les plis de sa robe la main vers
Delly_L'orgueil-dompte_<Aélys-1321>_36420,!– D' un mari comme vous . . . Elle
Delly_L'orgueil-dompte_<Aélys-1321>_36424,comme vous . . . Elle se détourna brusquement et
Delly_L'orgueil-dompte_<Aélys-1321>_36429,Elle se détourna brusquement et se dirigea vers la porte
Delly_L'orgueil-dompte_<Aélys-1321>_36496,sorte de farouche violence :– Tu ne sais pas ce
Delly_L'orgueil-dompte_<Aélys-1321>_36502,"ne sais pas ce que tu fais , toi ."
Delly_L'orgueil-dompte_<Aélys-1321>_36505,"ce que tu fais , toi . . . tu"
Delly_L'orgueil-dompte_<Aélys-1321>_36509,", toi . . . tu ne sais pas que"
Delly_L'orgueil-dompte_<Aélys-1321>_36514,tu ne sais pas que tu fais de moi un
Delly_L'orgueil-dompte_<Aélys-1321>_36522,"moi un démon , quand tu pourrais . . ."
Delly_L'orgueil-dompte_<Aélys-1321>_36547,"à rejoindre Aélys , lui dit au passage :– Veillez"
Delly_L'orgueil-dompte_<Aélys-1321>_36565,"de se soigner , je vous prie . Puis ,"
Delly_L'orgueil-dompte_<Aélys-1321>_36665,"Ah ! elle , peu m' importe ! disait Sidonia"
Delly_L'orgueil-dompte_<Aélys-1321>_36669,peu m' importe ! disait Sidonia à son père .
Delly_L'orgueil-dompte_<Aélys-1321>_36671,importe ! disait Sidonia à son père . Elle n'
Delly_L'orgueil-dompte_<Aélys-1321>_36695,. . . Ah ! j' ai peur . .
Delly_L'orgueil-dompte_<Aélys-1321>_36701,ai peur . . . j' ai peur d' elle
Delly_L'orgueil-dompte_<Aélys-1321>_36707,ai peur d' elle ! J' en aurai peur tant
Delly_L'orgueil-dompte_<Aélys-1321>_36739,":– Va , va , tu n' auras plus longtemps"
Delly_L'orgueil-dompte_<Aélys-1321>_36840,", Mme de Sucy informa Aélys que le prince ,"
Delly_L'orgueil-dompte_<Aélys-1321>_36856,"prendre de ses nouvelles . La jeune femme , avec"
Delly_L'orgueil-dompte_<Aélys-1321>_36890,Il a bien fait . J' aime beaucoup mieux qu'
Delly_L'orgueil-dompte_<Aélys-1321>_36897,beaucoup mieux qu' il ne me joue pas la comédie
Delly_L'orgueil-dompte_<Aélys-1321>_36915,"l' après - midi , Aélys eut la désagréable surprise"
Delly_L'orgueil-dompte_<Aélys-1321>_36936,Toutes deux venaient voir « cette pauvre petite malade »
Delly_L'orgueil-dompte_<Aélys-1321>_36959,dans la sienne . Comme Aélys parlait difficilement et se
Delly_L'orgueil-dompte_<Aélys-1321>_36963,Comme Aélys parlait difficilement et se trouvait abattue par la
Delly_L'orgueil-dompte_<Aélys-1321>_36982,cependant pour faire entendre à la jeune femme que Lothaire
Delly_L'orgueil-dompte_<Aélys-1321>_37003,"malades . – Heureusement , vous avez le temps de"
Delly_L'orgueil-dompte_<Aélys-1321>_37014,"remettre avant son retour , chère enfant , ajouta la"
Delly_L'orgueil-dompte_<Aélys-1321>_37025,"en se penchant pour embrasser Aélys , qui tressaillit comme"
Delly_L'orgueil-dompte_<Aélys-1321>_37027,"penchant pour embrasser Aélys , qui tressaillit comme au contact"
Delly_L'orgueil-dompte_<Aélys-1321>_37041,". Après leur départ , la jeune femme éprouva un"
Delly_L'orgueil-dompte_<Aélys-1321>_37071,"robes blanches vaporeuses qui avaient ses préférences , et venue"
Delly_L'orgueil-dompte_<Aélys-1321>_37079,"et venue là , pensait - elle , pour la"
Delly_L'orgueil-dompte_<Aélys-1321>_37091,avait exaspéré la souffrance dont elle était accablée . Néanmoins
Delly_L'orgueil-dompte_<Aélys-1321>_37106,"l' après - midi , elle fit appeler Cécile –"
Delly_L'orgueil-dompte_<Aélys-1321>_37128,"entrant dans la chambre de son amie , Mlle de"
Delly_L'orgueil-dompte_<Aélys-1321>_37131,"chambre de son amie , Mlle de Forsan s' arrêta"
Delly_L'orgueil-dompte_<Aélys-1321>_37150,". Une rougeur montait à son teint mat , ses"
Delly_L'orgueil-dompte_<Aélys-1321>_37154,"à son teint mat , ses yeux se détournaient de"
Delly_L'orgueil-dompte_<Aélys-1321>_37159,ses yeux se détournaient de la jeune princesse étendue dans
Delly_L'orgueil-dompte_<Aélys-1321>_37164,la jeune princesse étendue dans son grand lit somptueux .
Delly_L'orgueil-dompte_<Aélys-1321>_37216,"- Bois , Cécile . Mlle de Forsan glissa à"
Delly_L'orgueil-dompte_<Aélys-1321>_37231,". Dans un sanglot , elle balbutia :– Pardon ."
Delly_L'orgueil-dompte_<Aélys-1321>_37238,:– Pardon . . . je . . . je
Delly_L'orgueil-dompte_<Aélys-1321>_37242,". je . . . je vous en prie ,"
Delly_L'orgueil-dompte_<Aélys-1321>_37243,"je . . . je vous en prie , Aélys"
Delly_L'orgueil-dompte_<Aélys-1321>_37247,"je vous en prie , Aélys . . . madame"
Delly_L'orgueil-dompte_<Aélys-1321>_37251,", Aélys . . . madame . . . –"
Delly_L'orgueil-dompte_<Aélys-1321>_37256,madame . . . – Je ne vous en veux
Delly_L'orgueil-dompte_<Aélys-1321>_37258,". . – Je ne vous en veux pas ,"
Delly_L'orgueil-dompte_<Aélys-1321>_37263,"vous en veux pas , ma pauvre Cécile . Je"
Delly_L'orgueil-dompte_<Aélys-1321>_37267,", ma pauvre Cécile . Je sais bien , allez"
Delly_L'orgueil-dompte_<Aélys-1321>_37293,avec celui - là . Elle s' interrompit un instant
Delly_L'orgueil-dompte_<Aélys-1321>_37303,", un peu haletante . Cécile sanglotait tout bas ,"
Delly_L'orgueil-dompte_<Aélys-1321>_37321,"brodée . La main d' Aélys s' étendit , se"
Delly_L'orgueil-dompte_<Aélys-1321>_37328,"étendit , se posa sur ses cheveux . – Ne"
Delly_L'orgueil-dompte_<Aélys-1321>_37336,"– Ne pleurez pas , mon amie . Vous avez"
Delly_L'orgueil-dompte_<Aélys-1321>_37339,"pas , mon amie . Vous avez eu un peu"
Delly_L'orgueil-dompte_<Aélys-1321>_37354,c' était compréhensible . Mais je sais bien que ma
Delly_L'orgueil-dompte_<Aélys-1321>_37358,Mais je sais bien que ma chère Cécile est de
Delly_L'orgueil-dompte_<Aélys-1321>_37386,. Mais il faut que je parte . . .
Delly_L'orgueil-dompte_<Aélys-1321>_37391,"je parte . . . Faites - moi partir ,"
Delly_L'orgueil-dompte_<Aélys-1321>_37392,"parte . . . Faites - moi partir , Aélys"
Delly_L'orgueil-dompte_<Aélys-1321>_37396,"Faites - moi partir , Aélys !– Je parlerai demain"
Delly_L'orgueil-dompte_<Aélys-1321>_37398,"moi partir , Aélys !– Je parlerai demain matin au"
Delly_L'orgueil-dompte_<Aélys-1321>_37420,". Allez , maintenant , Cécile . . . et"
Delly_L'orgueil-dompte_<Aélys-1321>_37425,Cécile . . . et priez pour retrouver la paix
Delly_L'orgueil-dompte_<Aélys-1321>_37431,pour retrouver la paix de votre cœur . Comme Mlle
Delly_L'orgueil-dompte_<Aélys-1321>_37441,"de Forsan se relevait , Aélys ajouta :– Embrassez -"
Delly_L'orgueil-dompte_<Aélys-1321>_37445,", Aélys ajouta :– Embrassez - moi . Les lèvres"
Delly_L'orgueil-dompte_<Aélys-1321>_37451,moi . Les lèvres de la jeune fille se posèrent
Delly_L'orgueil-dompte_<Aélys-1321>_37472,merci . . . Que vous êtes bonne ! .
Delly_L'orgueil-dompte_<Aélys-1321>_37485,! comment peut - on vous faire souffrir ? C'
Delly_L'orgueil-dompte_<Aélys-1321>_37493,? C' est affreux !– Ma pauvre Cécile . .
Delly_L'orgueil-dompte_<Aélys-1321>_37499,pauvre Cécile . . . ma pauvre Cécile . .
Delly_L'orgueil-dompte_<Aélys-1321>_37507,". . . En étouffant ses larmes , Aélys pensait"
Delly_L'orgueil-dompte_<Aélys-1321>_37510,"En étouffant ses larmes , Aélys pensait avec désespoir :"
Delly_L'orgueil-dompte_<Aélys-1321>_37557,". »Le lendemain matin , Aélys , dont l' état"
Delly_L'orgueil-dompte_<Aélys-1321>_37559,"lendemain matin , Aélys , dont l' état s' était"
Delly_L'orgueil-dompte_<Aélys-1321>_37582,"avec le bon vieillard sur sa santé , elle vint"
Delly_L'orgueil-dompte_<Aélys-1321>_37585,"vieillard sur sa santé , elle vint au sujet qui"
Delly_L'orgueil-dompte_<Aélys-1321>_37608,la cour trop mondain pour elle et désirerait retourner le
Delly_L'orgueil-dompte_<Aélys-1321>_37610,trop mondain pour elle et désirerait retourner le plus tôt
Delly_L'orgueil-dompte_<Aélys-1321>_37625,des - Bois . Voulez - vous vous occuper de
Delly_L'orgueil-dompte_<Aélys-1321>_37631,vous vous occuper de préparer son départ ?Un peu de
Delly_L'orgueil-dompte_<Aélys-1321>_37641,rougeur montait au teint d' Aélys tandis qu' elle exposait
Delly_L'orgueil-dompte_<Aélys-1321>_37644,teint d' Aélys tandis qu' elle exposait cette requête .
Delly_L'orgueil-dompte_<Aélys-1321>_37667,"tête . – Mais , madame , ignorez - vous"
Delly_L'orgueil-dompte_<Aélys-1321>_37670,"Mais , madame , ignorez - vous que personne ,"
Delly_L'orgueil-dompte_<Aélys-1321>_37707,chaleur montait au visage d' Aélys :– . . .
Delly_L'orgueil-dompte_<Aélys-1321>_37714,". . . Alors , Cécile ne peut pas ."
Delly_L'orgueil-dompte_<Aélys-1321>_37751,absent . . . – Mlle de Forsan devra attendre
Delly_L'orgueil-dompte_<Aélys-1321>_37793,paraissait dans le regard d' Aélys . D' un geste
Delly_L'orgueil-dompte_<Aélys-1321>_37800,"D' un geste nerveux , la jeune femme saisit les"
Delly_L'orgueil-dompte_<Aélys-1321>_37815,– Et il faut que Cécile parte d' ici !
Delly_L'orgueil-dompte_<Aélys-1321>_37826,"comprenez bien , dites ? Elle est plus faible que"
Delly_L'orgueil-dompte_<Aélys-1321>_37831,Elle est plus faible que je ne le croyais .
Delly_L'orgueil-dompte_<Aélys-1321>_37839,"croyais . . . et moi , je suis responsable"
Delly_L'orgueil-dompte_<Aélys-1321>_37841,". . et moi , je suis responsable d' elle"
Delly_L'orgueil-dompte_<Aélys-1321>_37845,", je suis responsable d' elle . Si elle se"
Delly_L'orgueil-dompte_<Aélys-1321>_37848,"responsable d' elle . Si elle se perdait , je"
Delly_L'orgueil-dompte_<Aélys-1321>_37852,"Si elle se perdait , je ne me le pardonnerais"
Delly_L'orgueil-dompte_<Aélys-1321>_37881,. Ce n' est pas vous qui auriez à vous
Delly_L'orgueil-dompte_<Aélys-1321>_37882,Ce n' est pas vous qui auriez à vous faire
Delly_L'orgueil-dompte_<Aélys-1321>_37885,"pas vous qui auriez à vous faire pardonner , car"
Delly_L'orgueil-dompte_<Aélys-1321>_37890,"vous faire pardonner , car vous ne pouvez rien ."
Delly_L'orgueil-dompte_<Aélys-1321>_37898,rien . . . – Je ne peux rien .
Delly_L'orgueil-dompte_<Aélys-1321>_37909,". Sur l' oreiller , Aélys laissait retomber sa tête"
Delly_L'orgueil-dompte_<Aélys-1321>_37912,"oreiller , Aélys laissait retomber sa tête accablée . –"
Delly_L'orgueil-dompte_<Aélys-1321>_37926,est vrai . . . je le sais bien .
Delly_L'orgueil-dompte_<Aélys-1321>_37957,pourrait - on faire partir Cécile secrètement ?– Peut -
Delly_L'orgueil-dompte_<Aélys-1321>_38041,"moins , il faudrait qu' elle quittât le palais ."
Delly_L'orgueil-dompte_<Aélys-1321>_38073,Il est évidemment impossible de lui faire quitter la principauté
Delly_L'orgueil-dompte_<Aélys-2523>_68836,maison . Lothaire appela :– Aélys !Derrière l' une des
Delly_L'orgueil-dompte_<Aélys-2523>_68852,Ici ! . . . Je suis ici !Lothaire se
Delly_L'orgueil-dompte_<Aélys-2523>_68880,Il reçut dans ses bras Aélys qui s' y jetait
Delly_L'orgueil-dompte_<Aélys-2523>_68881,reçut dans ses bras Aélys qui s' y jetait éperdument
Delly_L'orgueil-dompte_<Aélys-2523>_68933,"enfin Lothaire . Quels moments tu as dû passer ,"
Delly_L'orgueil-dompte_<Aélys-2523>_68938,"tu as dû passer , pauvre petite fée !– Oh"
Delly_L'orgueil-dompte_<Aélys-2523>_68950,"en parlons plus , puisque je suis sauvée . ."
Delly_L'orgueil-dompte_<Aélys-2523>_68961,"puisque tu es là , mon Lothaire !– Ton Lothaire"
Delly_L'orgueil-dompte_<Aélys-2523>_68964,"là , mon Lothaire !– Ton Lothaire ! . ."
Delly_L'orgueil-dompte_<Aélys-2523>_68992,". . – Oui , mon Lothaire , que j'"
Delly_L'orgueil-dompte_<Aélys-2523>_68996,", mon Lothaire , que j' ai toujours aimé ,"
Delly_L'orgueil-dompte_<Aélys-2523>_69016,souffrant . . . – Tu m' aimes . .
Delly_L'orgueil-dompte_<Aélys-2523>_69031,"?Avec une grâce tendre , Aélys appuya son visage contre"
Delly_L'orgueil-dompte_<Aélys-2523>_69033,"grâce tendre , Aélys appuya son visage contre la joue"
Delly_L'orgueil-dompte_<Aélys-2523>_69088,pour tous ceux qui auront tes sympathies . Ce que
Delly_L'orgueil-dompte_<Aélys-2523>_69093,"tes sympathies . Ce que tu voudras pour eux ,"
Delly_L'orgueil-dompte_<Aélys-2523>_69107,". . – Alors , tu vas vite aller délivrer"
Delly_L'orgueil-dompte_<Aélys-2523>_69139,Une voiture va venir et t' emmènera au palais .
Delly_L'orgueil-dompte_<Aélys-2523>_69166,. . . Je ne te demande même pas qui
Delly_L'orgueil-dompte_<Aélys-2523>_69175,"qui est l' auteur de ton enlèvement . Là ,"
Delly_L'orgueil-dompte_<Aélys-2523>_69198,"frisson secouait les épaules de la jeune femme , qui"
Delly_L'orgueil-dompte_<Aélys-2523>_69202,"de la jeune femme , qui se serra plus fort"
Delly_L'orgueil-dompte_<Aélys-2523>_69227,savais . Il a osé me dire . . .
Delly_L'orgueil-dompte_<Aélys-2523>_69237,"Oh ! Lothaire , tu m' as sauvée de quelque"
Delly_L'orgueil-dompte_<Aélys-2523>_69285,appuyaient sur les cheveux d' Aélys . – Oublie ces
Delly_L'orgueil-dompte_<Aélys-2523>_69299,"Aélys . Oui , je te les ferai oublier !"
Delly_L'orgueil-dompte_<Aélys-2523>_69332,. – J' irai avec toi ! Je voudrais voir
Delly_L'orgueil-dompte_<Aélys-2523>_69361,. – Mais cela va te donner encore de l'
Delly_L'orgueil-dompte_<Aélys-2523>_69379,"de cette chambre , et tu n' es pas couverte"
Delly_L'orgueil-dompte_<Aélys-2523>_69392,est vrai . . . J' aurais pourtant bien voulu
Delly_L'orgueil-dompte_<Aélys-2523>_69426,"sans écouter les protestations de la jeune femme , Lothaire"
Delly_L'orgueil-dompte_<Aélys-2523>_69431,"la jeune femme , Lothaire l' enveloppa dans son large"
Delly_L'orgueil-dompte_<Aélys-2523>_69434,", Lothaire l' enveloppa dans son large manteau militaire ."
Delly_L'orgueil-dompte_<Aélys-2523>_69493,la tour . Lothaire et Aélys gagnèrent l' autre extrémité
Delly_L'orgueil-dompte_<Aélys-2523>_69536,est - ce que Fincken t' a parlé de l'
Delly_L'orgueil-dompte_<Aélys-2523>_69545,l' enfant qu' a eu ta pauvre sœur ? demanda
Delly_L'orgueil-dompte_<Aélys-2523>_69550,ta pauvre sœur ? demanda Aélys . – Oui .
Delly_L'orgueil-dompte_<Aélys-2523>_69558,Oui . . . et elle m' a fait part
Delly_L'orgueil-dompte_<Aélys-2523>_69559,. . . et elle m' a fait part de
Delly_L'orgueil-dompte_<Aélys-2523>_69582,"Tout à l' heure , je l' ai examiné ;"
Delly_L'orgueil-dompte_<Aélys-2523>_69601,famille . – Ah ! tu le trouves aussi ?
Delly_L'orgueil-dompte_<Aélys-2523>_69606,tu le trouves aussi ? Figure - toi que c'
Delly_L'orgueil-dompte_<Aélys-2523>_69656,"aide . Je n' osais t' en parler , ne"
Delly_L'orgueil-dompte_<Aélys-2523>_69663,"parler , ne sachant si tu voudrais croire aux dires"
Delly_L'orgueil-dompte_<Aélys-2523>_69674,Fincken . . . – Tu n' as pas pensé
Delly_L'orgueil-dompte_<Aélys-2523>_69711,"de telles accusations portées contre ta tante , contre un"
Delly_L'orgueil-dompte_<Aélys-2523>_69720,un homme qui était de tes familiers . . .
Delly_L'orgueil-dompte_<Aélys-2523>_69728,. . – Ah ! je les connaissais déjà tous
Delly_L'orgueil-dompte_<Aélys-2523>_69751,où les révélations de Fincken m' auraient été présentées par
Delly_L'orgueil-dompte_<Aélys-2523>_69756,"m' auraient été présentées par toi , je ne les"
Delly_L'orgueil-dompte_<Aélys-2523>_69758,"été présentées par toi , je ne les aurais pas"
Delly_L'orgueil-dompte_<Aélys-2523>_69769,"de prime abord , car je sais que tu es"
Delly_L'orgueil-dompte_<Aélys-2523>_69772,", car je sais que tu es une petite tête"
Delly_L'orgueil-dompte_<Aélys-2523>_69793,motif la moindre accusation visant tes pires ennemis . .
Delly_L'orgueil-dompte_<Aélys-2523>_69799,pires ennemis . . . Tu vois l' estime que
Delly_L'orgueil-dompte_<Aélys-2523>_69804,"Tu vois l' estime que j' ai pour toi ,"
Delly_L'orgueil-dompte_<Aélys-2523>_69807,"estime que j' ai pour toi , mon Aélys ?Ils"
Delly_L'orgueil-dompte_<Aélys-2523>_69809,"j' ai pour toi , mon Aélys ?Ils commençaient de"
Delly_L'orgueil-dompte_<Aélys-2523>_69825,", noires et disjointes . Lothaire , à ces derniers"
Delly_L'orgueil-dompte_<Aélys-2523>_69834,"derniers mots , pressa contre lui la jeune femme ,"
Delly_L'orgueil-dompte_<Aélys-2523>_69835,"mots , pressa contre lui la jeune femme , puis"
Delly_L'orgueil-dompte_<Aélys-2523>_69840,"la jeune femme , puis l' enleva dans ses bras"
Delly_L'orgueil-dompte_<Aélys-2523>_69841,"jeune femme , puis l' enleva dans ses bras en"
Delly_L'orgueil-dompte_<Aélys-2523>_69843,", puis l' enleva dans ses bras en disant :–"
Delly_L'orgueil-dompte_<Aélys-2523>_69848,ses bras en disant :– Je t' emporte jusque là
Delly_L'orgueil-dompte_<Aélys-2523>_69849,bras en disant :– Je t' emporte jusque là -
Delly_L'orgueil-dompte_<Aélys-2523>_69858,"- haut , car cela te fatiguerait de monter cet"
Delly_L'orgueil-dompte_<Aélys-2523>_69868,affreux escalier raide . – Lothaire ! . . .
Delly_L'orgueil-dompte_<Aélys-2523>_69873,Lothaire ! . . . je ne veux pas !
Delly_L'orgueil-dompte_<Aélys-2523>_69878,je ne veux pas ! Je ne suis pas si
Delly_L'orgueil-dompte_<Aélys-2523>_69888,affaiblie . . . – Tu sais bien qu' on
Delly_L'orgueil-dompte_<Aélys-2523>_69894,sais bien qu' on ne me dit jamais : «
Delly_L'orgueil-dompte_<Aélys-2523>_69899,me dit jamais : « Je ne veux pas .
Delly_L'orgueil-dompte_<Aélys-2523>_69907,pas . » Il faudra m' obéir maintenant de bon
Delly_L'orgueil-dompte_<Aélys-2523>_69914,"maintenant de bon cœur , ma chère indépendante . Le"
Delly_L'orgueil-dompte_<Aélys-2523>_69920,chère indépendante . Le feras - tu ?– Tant que
Delly_L'orgueil-dompte_<Aélys-2523>_69925,"- tu ?– Tant que tu m' aimeras , oui"
Delly_L'orgueil-dompte_<Aélys-2523>_69926,"tu ?– Tant que tu m' aimeras , oui ."
Delly_L'orgueil-dompte_<Aélys-2523>_69937,"Alors , ce sera toute ma vie , petite Aélys"
Delly_L'orgueil-dompte_<Aélys-2523>_69940,"sera toute ma vie , petite Aélys chérie . En"
Delly_L'orgueil-dompte_<Aélys-2523>_69947,chérie . En dépit de son fardeau qui ne semblait
Delly_L'orgueil-dompte_<Aélys-2523>_69953,"fardeau qui ne semblait guère lui peser , Lothaire montait"
Delly_L'orgueil-dompte_<Aélys-2523>_69956,"semblait guère lui peser , Lothaire montait allègrement les difficiles"
Delly_L'orgueil-dompte_<Aélys-2523>_69967,". Au second étage , il mit la jeune femme"
Delly_L'orgueil-dompte_<Aélys-2523>_69969,"second étage , il mit la jeune femme à terre"
Delly_L'orgueil-dompte_<Aélys-2523>_69976,"femme à terre , puis tira lentement les énormes verrous"
Delly_L'orgueil-dompte_<Aélys-2523>_69986,"de la porte massive . Aélys , dont le cœur"
Delly_L'orgueil-dompte_<Aélys-2523>_69988,"porte massive . Aélys , dont le cœur battait très"
Delly_L'orgueil-dompte_<Aélys-2523>_69997,"très fort , remarqua que son mari semblait très ému"
Delly_L'orgueil-dompte_<Aélys-2523>_70006,ému au moment de voir cette sœur qui endurait depuis
Delly_L'orgueil-dompte_<Aélys-2523>_70008,moment de voir cette sœur qui endurait depuis tant d'
Delly_L'orgueil-dompte_<Aélys-2523>_70022,"la réclusion , approuvé par lui - même . La"
Delly_L'orgueil-dompte_<Aélys-2523>_70064,. et sur ce lit une femme aux cheveux grisonnants
Delly_L'orgueil-dompte_<Aélys-2523>_70076,une robe noire rapiécée . Elle se tenait le visage
Delly_L'orgueil-dompte_<Aélys-2523>_70098,porte qui s' ouvrait . Aélys songea avec terreur :
Delly_L'orgueil-dompte_<Aélys-2523>_70105,avec terreur : « Serait - elle morte ? »Lothaire
Delly_L'orgueil-dompte_<Aélys-2523>_70116,avança en appelant doucement :– Stéphanie !Elle eut un sursaut
Delly_L'orgueil-dompte_<Aélys-2523>_70122,"!Elle eut un sursaut , tourna la tête , montrant"
Delly_L'orgueil-dompte_<Aélys-2523>_70157,aussi couper la parole à la malheureuse femme . –
Delly_L'orgueil-dompte_<Aélys-2523>_70165,". – . . . Stéphanie , ma pauvre sœur"
Delly_L'orgueil-dompte_<Aélys-2523>_70173,"pauvre sœur , je viens te délivrer . Lothaire s'"
Delly_L'orgueil-dompte_<Aélys-2523>_70197,aux os saillants . – Mon frère ! bégaya Stéphanie
Delly_L'orgueil-dompte_<Aélys-2523>_70201,– Mon frère ! bégaya Stéphanie . Lothaire !– Oui
Delly_L'orgueil-dompte_<Aélys-2523>_70207,". Lothaire !– Oui , ton frère , qui regrette"
Delly_L'orgueil-dompte_<Aélys-2523>_70244,"monstre !Elle se soulevait , serrait entre ses mains ,"
Delly_L'orgueil-dompte_<Aélys-2523>_70246,"se soulevait , serrait entre ses mains , convulsivement ,"
Delly_L'orgueil-dompte_<Aélys-2523>_70272,ce que tu sais que je ne suis pas coupable
Delly_L'orgueil-dompte_<Aélys-2523>_70281,coupable ?– Je sais que tu as été unie légitimement
Delly_L'orgueil-dompte_<Aélys-2523>_70294,", je sais qu' on t' a enlevé ton fils"
Delly_L'orgueil-dompte_<Aélys-2523>_70297,"qu' on t' a enlevé ton fils , aussitôt né"
Delly_L'orgueil-dompte_<Aélys-2523>_70306,né . . . – Mon fils ! Mon petit
Delly_L'orgueil-dompte_<Aélys-2523>_70309,. – Mon fils ! Mon petit Jozsef ! Où
Delly_L'orgueil-dompte_<Aélys-2523>_70441,- là est - il mon enfant ! »– Je
Delly_L'orgueil-dompte_<Aélys-2523>_70457,"soit , en effet . Tu le verras bientôt ,"
Delly_L'orgueil-dompte_<Aélys-2523>_70462,"Tu le verras bientôt , chère Stéphanie . – Mon"
Delly_L'orgueil-dompte_<Aélys-2523>_70495,"revoir mon enfant !– Ne t' agite pas , ma"
Delly_L'orgueil-dompte_<Aélys-2523>_70516,. Je ne voudrais pas te laisser en ce lieu
Delly_L'orgueil-dompte_<Aélys-2523>_70539,", il faut que je te présente ma femme ,"
Delly_L'orgueil-dompte_<Aélys-2523>_70561,encore l' épouvantable injustice dont tu es la victime .
Delly_L'orgueil-dompte_<Aélys-2523>_70563,épouvantable injustice dont tu es la victime . Aélys était
Delly_L'orgueil-dompte_<Aélys-2523>_70582,embrassa avec une tendresse émue la pauvre prisonnière . –
Delly_L'orgueil-dompte_<Aélys-2523>_70587,"la pauvre prisonnière . – Chère sœur , j' aiderai"
Delly_L'orgueil-dompte_<Aélys-2523>_70604,", toute l' affection dont vous avez tant besoin ,"
Delly_L'orgueil-dompte_<Aélys-2523>_70609,"vous avez tant besoin , vous les trouverez près de"
Delly_L'orgueil-dompte_<Aélys-2523>_70623,"Elle s' interrompit , car Stéphanie perdait connaissance . –"
Delly_L'orgueil-dompte_<Aélys-2523>_70628,Stéphanie perdait connaissance . – La malheureuse doit être bien
Delly_L'orgueil-dompte_<Aélys-2523>_70649,. Je vais tâcher de la faire revenir à elle
Delly_L'orgueil-dompte_<Aélys-2523>_70653,de la faire revenir à elle . . . –
Delly_L'orgueil-dompte_<Aélys-2523>_70673,". Car je craignais de te trouver malade , après"
Delly_L'orgueil-dompte_<Aélys-2523>_70740,indice pour me mettre sur ta trace . Aussi ai
Delly_L'orgueil-dompte_<Aélys-2523>_70784,la voiture était là . Aélys lui adressa un affectueux
Delly_L'orgueil-dompte_<Aélys-2523>_70806,"prit entre ses bras robustes la pauvre Stéphanie , dont"
Delly_L'orgueil-dompte_<Aélys-2523>_70810,"robustes la pauvre Stéphanie , dont le corps épuisé ne"
Delly_L'orgueil-dompte_<Aélys-2523>_70856,ci à la vue de la femme inanimée que portait
Delly_L'orgueil-dompte_<Aélys-2523>_70859,"vue de la femme inanimée que portait Heller , recula"
Delly_L'orgueil-dompte_<Aélys-2523>_70874,"– Non , non , elle n' est pas morte"
Delly_L'orgueil-dompte_<Aélys-2523>_70893,surpris sa pensée . Nous la soignerons et nous la
Delly_L'orgueil-dompte_<Aélys-2523>_70897,"Nous la soignerons et nous la sauverons , Fincken ."
Delly_L'orgueil-dompte_<Aélys-2523>_70911,voiture et installes - y la princesse le mieux possible
Delly_L'orgueil-dompte_<Aélys-2523>_70925,"Puis , tu verras à la faire revenir à elle"
Delly_L'orgueil-dompte_<Aélys-2523>_70929,à la faire revenir à elle . Mets ce manteau
Delly_L'orgueil-dompte_<Aélys-973>_27792,"poids moralement trop lourd . Aélys , un jour ,"
Delly_L'orgueil-dompte_<Aélys-973>_27832,", d' inquiétude , et Aélys avait pu apprendre seulement"
Delly_L'orgueil-dompte_<Aélys-973>_27888,à l' ordinaire . Quand Aélys entra chez la tante
Delly_L'orgueil-dompte_<Aélys-973>_27896,"la tante de Lothaire , ses ennemis , dès le"
Delly_L'orgueil-dompte_<Aélys-973>_27935,"Brorzen :– Bien pâle , la belle Aélys ! ."
Delly_L'orgueil-dompte_<Aélys-973>_27948,"bien nerveuse ! Voyez , elle se force à sourire"
Delly_L'orgueil-dompte_<Aélys-973>_27964,a de la fièvre dans ses yeux . Ah !
Delly_L'orgueil-dompte_<Aélys-973>_27979,cause de quelque conflit avec son mari !Le comte opina
Delly_L'orgueil-dompte_<Aélys-973>_28003,"sont que plus beaux , ses yeux ! . ."
Delly_L'orgueil-dompte_<Aélys-973>_28012,". . Comment , pour une pareille merveille , le"
Delly_L'orgueil-dompte_<Aélys-973>_28040,"il pas aux pieds de cette jeune femme unique ,"
Delly_L'orgueil-dompte_<Aélys-973>_28050,"inégalable , digne qu' on lui sacrifie tout ? »"
Delly_L'orgueil-dompte_<Aélys-973>_28069,"de Lothaire furent , pour Aélys , les plus durs"
Delly_L'orgueil-dompte_<Aélys-973>_28075,", les plus durs qu' elle eût encore passés à"
Delly_L'orgueil-dompte_<Aélys-973>_28200,"présence de sa femme . Aélys , plus d' une"
Delly_L'orgueil-dompte_<Aélys-973>_28271,", sans motif . Et Aélys devait se taire ."
Delly_L'orgueil-dompte_<Aélys-973>_28276,"Aélys devait se taire . Son intervention devenait impossible ,"
Delly_L'orgueil-dompte_<Aélys-973>_28288,nouvelle attitude de Lothaire à son égard . Il avait
Delly_L'orgueil-dompte_<Aélys-973>_28295,. Il avait supprimé pour elle la promenade à cheval
Delly_L'orgueil-dompte_<Aélys-973>_28323,à peine la parole à la jeune femme et la
Delly_L'orgueil-dompte_<Aélys-973>_28327,"à la jeune femme et la quittait aussitôt , après"
Delly_L'orgueil-dompte_<Aélys-973>_28332,"la quittait aussitôt , après lui avoir donné brièvement ses"
Delly_L'orgueil-dompte_<Aélys-973>_28348,". À telle heure , elle devait être prête pour"
Delly_L'orgueil-dompte_<Aélys-973>_28358,recevoir une personnalité étrangère qui lui serait présentée . Le
Delly_L'orgueil-dompte_<Aélys-973>_28365,"présentée . Le lendemain , elle devait accompagner le prince"
Delly_L'orgueil-dompte_<Aélys-973>_28404,d' un opéra français . Marie Herz était la principale
Delly_L'orgueil-dompte_<Aélys-973>_28457,cour . Le rôle qu' elle tenait s' adaptait parfaitement
Delly_L'orgueil-dompte_<Aélys-973>_28471,à la beauté grave de la cantatrice . Marie Herz
Delly_L'orgueil-dompte_<Aélys-973>_28474,"grave de la cantatrice . Marie Herz , ce soir"
Delly_L'orgueil-dompte_<Aélys-973>_28487,remporta un des triomphes de sa carrière . Après le
Delly_L'orgueil-dompte_<Aélys-973>_28503,", comte Retzel , vint la chercher pour la conduire"
Delly_L'orgueil-dompte_<Aélys-973>_28506,", vint la chercher pour la conduire à la loge"
Delly_L'orgueil-dompte_<Aélys-973>_28537,"était la première fois qu' elle revoyait Mme Herz ,"
Delly_L'orgueil-dompte_<Aélys-973>_28539,"première fois qu' elle revoyait Mme Herz , depuis cet"
Delly_L'orgueil-dompte_<Aélys-973>_28548,cet après - midi où elle avait chanté sur l'
Delly_L'orgueil-dompte_<Aélys-973>_28565,"qui auraient suffi à éclairer la jeune princesse , en"
Delly_L'orgueil-dompte_<Aélys-973>_28581,"par le prince . Et la belle cantatrice , pâlissant"
Delly_L'orgueil-dompte_<Aélys-973>_28592,"rougissant tour à tour , baissa les yeux devant le"
Delly_L'orgueil-dompte_<Aélys-973>_28601,le fier regard dédaigneux de cette jeune femme dont le
Delly_L'orgueil-dompte_<Aélys-973>_28604,"dédaigneux de cette jeune femme dont le visage paraissait ,"
Delly_L'orgueil-dompte_<Aélys-973>_28620,l' épaisse soie mate dont elle était vêtue . Les
Delly_L'orgueil-dompte_<Aélys-973>_28634,ne parurent qu' augmenter encore son pénible embarras . Sur
Delly_L'orgueil-dompte_<Aélys-973>_28666,Lothaire ouvrit et présenta à Mme Herz . Sur le
Delly_L'orgueil-dompte_<Aélys-973>_28689,souvenir de cette soirée à la belle interprète d' une
Delly_L'orgueil-dompte_<Aélys-973>_28709,"- le dès maintenant , madame , car je vous"
Delly_L'orgueil-dompte_<Aélys-973>_28713,", madame , car je vous convie à un souper"
Delly_L'orgueil-dompte_<Aélys-973>_28724,j' ai fait préparer en votre honneur . Tandis que
Delly_L'orgueil-dompte_<Aélys-973>_28729,votre honneur . Tandis que la cantatrice balbutiait un remerciement
Delly_L'orgueil-dompte_<Aélys-973>_28770,"Je vais te conduire à ta voiture , Aélys ."
Delly_L'orgueil-dompte_<Aélys-973>_28786,"sur laquelle , protocolairement , la princesse devait appuyer la"
Delly_L'orgueil-dompte_<Aélys-973>_28820,"inclinés , le prince et la princesse gagnèrent la voiture"
Delly_L'orgueil-dompte_<Aélys-973>_28826,princesse gagnèrent la voiture . Aélys monta rapidement et s'
Delly_L'orgueil-dompte_<Aélys-973>_28830,. Aélys monta rapidement et s' enfonça dans un des
Delly_L'orgueil-dompte_<Aélys-973>_28831,Aélys monta rapidement et s' enfonça dans un des coins
Delly_L'orgueil-dompte_<Aélys-973>_28854,l' élégant petit théâtre éclairait ses yeux ardents et fiers
Delly_L'orgueil-dompte_<Aélys-973>_28877,"dentelle . – Bonsoir , Aélys . Lothaire se penchait"
Delly_L'orgueil-dompte_<Aélys-973>_28879,"– Bonsoir , Aélys . Lothaire se penchait légèrement vers"
Delly_L'orgueil-dompte_<Aélys-973>_28887,"légèrement vers l' intérieur . Ses traits , qu' Aélys"
Delly_L'orgueil-dompte_<Aélys-973>_28891,". Ses traits , qu' Aélys voyait toujours comme tendus"
Delly_L'orgueil-dompte_<Aélys-973>_28913,moment . – Bonsoir . Elle inclina un peu la
Delly_L'orgueil-dompte_<Aélys-973>_28922,"la tête , puis s' enfonça davantage dans les coussins"
Delly_L'orgueil-dompte_<Aélys-973>_28930,"les coussins , comme si elle souhaitait mettre une plus"
Delly_L'orgueil-dompte_<Aélys-973>_28938,une plus grande distance entre elle et lui . Lothaire
Delly_L'orgueil-dompte_<Aélys-973>_28940,grande distance entre elle et lui . Lothaire s' écarta
Delly_L'orgueil-dompte_<Aélys-973>_28942,entre elle et lui . Lothaire s' écarta d' un
Delly_L'orgueil-dompte_<Aélys-973>_28951,un mouvement si vif qu' il faillit renverser le grand
Delly_L'orgueil-dompte_<Aélys-973>_28975,te placer ailleurs que derrière moi ? Je te ferai
Delly_L'orgueil-dompte_<Aélys-973>_28977,ailleurs que derrière moi ? Je te ferai apprendre ton
Delly_L'orgueil-dompte_<Aélys-973>_28996,"es pas encore instruit . Il s' éloigna , tandis"
Delly_L'orgueil-dompte_<Aélys-973>_29035,"y parvenir . . . Aélys , étouffant un sanglot"
Delly_L'orgueil-dompte_<Aélys-973>_29044,"sanglot , ramena légèrement sur son visage altéré la dentelle"
Delly_L'orgueil-dompte_<Aélys-973>_29054,"de la mantille , pour la dérober , pendant un"
Delly_L'orgueil-dompte_<Aélys-973>_29081,prendre place en face d' elle . * Dans la
Delly_L'orgueil-dompte_<Aélys-973>_29090,"la matinée du lendemain , M . de Châtelier remit"
Delly_L'orgueil-dompte_<Aélys-973>_29096,. de Châtelier remit à la princesse une nouvelle supplique
Delly_L'orgueil-dompte_<Aélys-973>_29102,princesse une nouvelle supplique dont elle pensa aussitôt avec douleur
Delly_L'orgueil-dompte_<Aélys-973>_29116,"il est bien inutile que je la lui présente ,"
Delly_L'orgueil-dompte_<Aélys-973>_29118,"bien inutile que je la lui présente , maintenant !"
Delly_L'orgueil-dompte_<Aélys-973>_29130,"l' âme complètement déchirée , la pauvre Aélys . Et"
Delly_L'orgueil-dompte_<Aélys-973>_29142,"le conflit des sentiments que lui inspirait Lothaire , elle"
Delly_L'orgueil-dompte_<Aélys-973>_29146,"que lui inspirait Lothaire , elle ne savait plus se"
Delly_L'orgueil-dompte_<Aélys-973>_29157,". Puis , constamment , lui revenait la pensée de"
Delly_L'orgueil-dompte_<Aélys-973>_29204,elle ?Peut - être pourrait - elle en parler au
Delly_L'orgueil-dompte_<Aélys-973>_29221,"et discret . Déjà , elle lui avait secrètement confié"
Delly_L'orgueil-dompte_<Aélys-973>_29246,"bonne et , dès qu' elle se trouverait seule avec"
Delly_L'orgueil-dompte_<Aélys-973>_29254,"seule avec le vieillard ou sa femme , elle leur"
Delly_L'orgueil-dompte_<Aélys-973>_29257,"vieillard ou sa femme , elle leur ferait part de"
Delly_L'orgueil-dompte_<Aélys-973>_29329,de Sôhnthal ! » songeait Aélys en frissonnant . Cependant
Delly_L'orgueil-dompte_<Aélys-973>_29335,"en frissonnant . Cependant , elle avait courageusement résolu de"
Delly_L'orgueil-dompte_<Aélys-973>_29342,"courageusement résolu de présenter à son mari , comme de"
Delly_L'orgueil-dompte_<Aélys-973>_29386,". Après le repas , Aélys fit de la musique"
Delly_L'orgueil-dompte_<Aélys-973>_29398,", sans entrain , puis se promena dans les jardins"
Delly_L'orgueil-dompte_<Aélys-973>_29399,"sans entrain , puis se promena dans les jardins en"
Delly_L'orgueil-dompte_<Aélys-973>_29406,les jardins en compagnie de son amie et de la
Delly_L'orgueil-dompte_<Aélys-973>_29415,la dame d' honneur . Elle se forçait à parler
Delly_L'orgueil-dompte_<Aélys-973>_29423,"à parler un peu , essayait de secouer le lourd"
Delly_L'orgueil-dompte_<Aélys-973>_29436,et de souffrance qui accablait son âme . Et malgré
Delly_L'orgueil-dompte_<Aélys-973>_29448,"constamment , se présentait à son esprit l' ultimatum de"
Delly_L'orgueil-dompte_<Aélys-973>_29460,"Vers quatre heures , quand elle eut changé de toilette"
Delly_L'orgueil-dompte_<Aélys-973>_29466,"eut changé de toilette , la jeune femme , avec"
Delly_L'orgueil-dompte_<Aélys-973>_29594,pied du prince Magnus . Aélys n' alla pas jusque
Delly_L'orgueil-dompte_<Aélys-973>_29602,"pas jusque - là . Elle venait de voir ,"
Delly_L'orgueil-dompte_<Aélys-973>_29625,galerie était ouverte et que son mari s' y trouvait
Delly_L'orgueil-dompte_<Aélys-973>_29632,s' y trouvait seul . Elle s' avança et franchit
Delly_L'orgueil-dompte_<Aélys-973>_29636,. Elle s' avança et franchit le seuil de la
Delly_L'orgueil-dompte_<Aélys-973>_29646,"pièce , en serrant dans ses doigts tremblants la supplique"
Delly_L'orgueil-dompte_<Aélys-973>_29687,gris argent dont était vêtue Aélys . Sa physionomie eut
Delly_L'orgueil-dompte_<Aélys-973>_29689,dont était vêtue Aélys . Sa physionomie eut une crispation
Delly_L'orgueil-dompte_<Aélys-973>_29709,demanda brièvement :– Que désires - tu ?– Voulez -
Delly_L'orgueil-dompte_<Aélys-973>_29713,désires - tu ?– Voulez - vous voir ceci ?Une
Delly_L'orgueil-dompte_<Aélys-973>_29771,"accorde aucune grâce , tiens - toi cela pour dit"
Delly_L'orgueil-dompte_<Aélys-973>_29795,pu contenir ce cri de son indignation . En même
Delly_L'orgueil-dompte_<Aélys-973>_29806,", des larmes montaient à ses beaux yeux qui ,"
Delly_L'orgueil-dompte_<Aélys-973>_29818,", reflétaient les émotions de son âme . Lothaire abaissa"
Delly_L'orgueil-dompte_<Aélys-973>_29845,. . . et je t' ai déjà dit que
Delly_L'orgueil-dompte_<Aélys-973>_29870,le tort de tolérer chez toi jusqu' ici . Prends
Delly_L'orgueil-dompte_<Aélys-973>_29879,"Prends garde que , si tu me parles encore de"
Delly_L'orgueil-dompte_<Aélys-973>_29889,"cette manière , je ne t' en fasse repentir ."
Delly_L'orgueil-dompte_<Aélys-973>_29925,"eût - on dit . Aélys refoula ses larmes ,"
Delly_L'orgueil-dompte_<Aélys-973>_29927,"on dit . Aélys refoula ses larmes , d' un"
Delly_L'orgueil-dompte_<Aélys-973>_29937,"énergique effort , et le suivit . . . Ah"
Delly_L'orgueil-dompte_<Aélys-973>_29945,. Ah ! combien eût - elle donné en ce
Delly_L'orgueil-dompte_<Aélys-973>_29955,moment pour qu' il ne l' eût pas vue pleurer
Delly_L'orgueil-dompte_<Aélys-973>_29973,avoir obtenu ce résultat de la jeune femme dont il
Delly_L'orgueil-dompte_<Aélys-973>_29976,résultat de la jeune femme dont il semblait avoir décidément
Delly_L'orgueil-dompte_<Aélys-973>_30002,", à la vue d' Aélys dont les yeux restaient"
Delly_L'orgueil-dompte_<Aélys-973>_30003,à la vue d' Aélys dont les yeux restaient encore
Delly_L'orgueil-dompte_<Aélys-973>_30073,"orgueil . Aussi , je vous conseille de ne faire"
Delly_L'orgueil-dompte_<Aélys-973>_30105,"- midi - là , Aélys vit pour la première"
Delly_L'orgueil-dompte_<Aélys-973>_30239,"originaires de la Silésie , Altesse . . . Très"
Delly_L'orgueil-dompte_<Aélys-973>_30361,Je croyais au contraire que Votre Altesse . . .
Delly_L'orgueil-dompte_<Aélys-973>_30435,"ce vrai ?– Certainement , Altesse . M . de"
Delly_L'orgueil-dompte_<Mme de Villerennes-676>_19028,"le prince se tournait vers Mme de Villerennes , en"
Delly_L'orgueil-dompte_<Mme de Villerennes-676>_19037,en répondant avec grâce à sa révérence . – La
Delly_L'orgueil-dompte_<Mme de Villerennes-676>_19045,"– La comtesse Sareczy ne vous a pas accompagnée ,"
Delly_L'orgueil-dompte_<Mme de Villerennes-676>_19050,"vous a pas accompagnée , madame ?– Ma grand -"
Delly_L'orgueil-dompte_<Mme de Villerennes-676>_19052,"pas accompagnée , madame ?– Ma grand - mère s'"
Delly_L'orgueil-dompte_<Mme de Villerennes-676>_19086,à la princesse . – Vous lui direz quel grand
Delly_L'orgueil-dompte_<Mme de Villerennes-676>_19116,"la voir , ainsi que vous , le plus souvent"
Delly_L'orgueil-dompte_<Mme de Villerennes-676>_19127,"à Sôhnthal . De même vos gentils enfants , dont"
Delly_L'orgueil-dompte_<Mme de Villerennes-676>_19151,le prince invitait du geste Mme de Villerennes à reprendre
Delly_L'orgueil-dompte_<Mme de Villerennes-676>_19156,"Mme de Villerennes à reprendre son siège ; puis ,"
Delly_L'orgueil-dompte_<Mme de Villerennes-676>_19175,il prit place près de la jeune femme et s'
Delly_L'orgueil-dompte_<Mme de Villerennes-676>_19182,femme et s' entretint avec elle et son aïeul de
Delly_L'orgueil-dompte_<Mme de Villerennes-676>_19184,s' entretint avec elle et son aïeul de questions littéraires
Delly_L'orgueil-dompte_<Mme de Villerennes-676>_19203,Aélys avait fait asseoir à ses côtés les enfants et
Delly_L'orgueil-dompte_<Mme de Villerennes-676>_19208,ses côtés les enfants et s' en occupait avec une
Delly_L'orgueil-dompte_<Mme de Villerennes-676>_19216,avec une discrète tendresse . Elle était charmante dans ce
Delly_L'orgueil-dompte_<Mme de Villerennes-676>_19232,", pensait avec rage Sidonia qui surprenait de rapides ,"
Delly_L'orgueil-dompte_<Mme de Villerennes-676>_19246,œil de Lothaire dirigés vers la jeune princesse au doux
Delly_L'orgueil-dompte_<Mme de Villerennes-676>_19263,qui semblaient en extase devant elle . Était - ce
Delly_L'orgueil-dompte_<Mme de Villerennes-676>_19305,"quitter la serre ?– Je vous ai retardée , madame"
Delly_L'orgueil-dompte_<Mme de Villerennes-676>_19309,"Je vous ai retardée , madame , dit - il"
Delly_L'orgueil-dompte_<Mme de Villerennes-676>_19317,- il en souriant à Mme de Villerennes . La
Delly_L'orgueil-dompte_<Mme de Villerennes-676>_19330,se demander si je ne vous retiens pas prisonnière à
Delly_L'orgueil-dompte_<Mme de Villerennes-676>_19344,deux petits . – Que j' aurais bien envie de
Delly_L'orgueil-dompte_<Mme de Villerennes-676>_19352,envie de garder ! ajouta Aélys en caressant les cheveux
Delly_L'orgueil-dompte_<Mme de Villerennes-676>_19358,"en caressant les cheveux de Gisèle . Au moins ,"
Delly_L'orgueil-dompte_<Mme de Villerennes-676>_19366,"moins , amenez - les - moi souvent , madame"
Delly_L'orgueil-dompte_<Mme de Villerennes-676>_19370,"les - moi souvent , madame ?– Très souvent ,"
Delly_L'orgueil-dompte_<Mme de Villerennes-676>_19379,", précisa le prince . La princesse Jutta crut devoir"
Delly_L'orgueil-dompte_<Mme de Villerennes-676>_19389,"appuyer sur ces mots de son neveu , avec une"
Delly_L'orgueil-dompte_<Mme de Villerennes-676>_19431,"fait très frais maintenant , Aélys . Tu n' es"
Delly_L'orgueil-dompte_<Mme de Villerennes-676>_19433,"frais maintenant , Aélys . Tu n' es pas assez"
Delly_L'orgueil-dompte_<Mme de Villerennes-676>_19460,"! En marchant vite , je n' aurais pas froid"
Delly_L'orgueil-dompte_<Mme de Villerennes-676>_19484,va demander un vêtement pour la princesse . Le baron
Delly_L'orgueil-dompte_<Mme de Villerennes-676>_19502,". Sous leur fard , la princesse Jutta et Sidonia"
Delly_L'orgueil-dompte_<Mme de Villerennes-676>_19506,", la princesse Jutta et Sidonia avaient rougi de colère"
Delly_L'orgueil-dompte_<Mme de Villerennes-676>_19548,". Deux ans auparavant , Sidonia avait eu une congestion"
Delly_L'orgueil-dompte_<Mme de Villerennes-676>_19579,donnait une réception . Et elle se souvenait toujours avec
Delly_L'orgueil-dompte_<Mme de Villerennes-676>_19596,"qui en était la cause l' avait accueillie quand ,"
Delly_L'orgueil-dompte_<Mme de Villerennes-676>_19615,"bien près la mort , elle avait reparu devant lui"
Delly_L'orgueil-dompte_<Mme de Villerennes-676>_19621,"avait reparu devant lui . La princesse Jutta , dissimulant"
Delly_L'orgueil-dompte_<Mme de Villerennes-676>_19626,"La princesse Jutta , dissimulant sa vexation , quitta la"
Delly_L'orgueil-dompte_<Mme de Villerennes-676>_19636,"serre avec les dames de sa suite , après un"
Delly_L'orgueil-dompte_<Mme de Villerennes-676>_19652,"heure » , adressé à son neveu et à la"
Delly_L'orgueil-dompte_<Mme de Villerennes-676>_19656,à son neveu et à la jeune femme si profondément
Delly_L'orgueil-dompte_<Mme de Villerennes-676>_19678,moyen de se dissimuler que son mari paraissait lui porter
Delly_L'orgueil-dompte_<Mme de Villerennes-676>_19681,dissimuler que son mari paraissait lui porter beaucoup trop d'
Delly_L'orgueil-dompte_<Mme de Villerennes-676>_19694,N' était - ce pas moi qui voyais clair ?
Delly_L'orgueil-dompte_<Mme de Villerennes-676>_19695,était - ce pas moi qui voyais clair ? s'
Delly_L'orgueil-dompte_<Mme de Villerennes-676>_19701,voyais clair ? s' écriait Sidonia en rejoignant son père
Delly_L'orgueil-dompte_<Mme de Villerennes-676>_19704,s' écriait Sidonia en rejoignant son père tandis qu' il
Delly_L'orgueil-dompte_<Mme de Villerennes-676>_19710,père tandis qu' il regagnait son appartement après avoir accompagné
Delly_L'orgueil-dompte_<Mme de Villerennes-676>_19719,accompagné le prince . Quand je vous disais que cette
Delly_L'orgueil-dompte_<Mme de Villerennes-676>_19726,disais que cette Aélys était la plus dangereuse créature du
Delly_L'orgueil-dompte_<Mme de Villerennes-676>_19738,. . . Ah ! je sentais bien ce qu'
Delly_L'orgueil-dompte_<Mme de Villerennes-676>_19789,grâce de ce condamné qu' elle a obtenue . .
Delly_L'orgueil-dompte_<Mme de Villerennes-676>_19802,"histoire de ce Julius qu' elle sauve du fouet ,"
Delly_L'orgueil-dompte_<Mme de Villerennes-676>_19808,"sauve du fouet , qu' elle prend à son service"
Delly_L'orgueil-dompte_<Mme de Villerennes-676>_19811,", qu' elle prend à son service et obtient de"
Delly_L'orgueil-dompte_<Mme de Villerennes-676>_19814,prend à son service et obtient de faire soigner .
Delly_L'orgueil-dompte_<Mme de Villerennes-676>_19831,regards qu' il a pour elle . Tout en causant
Delly_L'orgueil-dompte_<Mme de Villerennes-676>_19837,. Tout en causant – je ne l' avais jamais
Delly_L'orgueil-dompte_<Mme de Villerennes-676>_19855,s' arrange pour ne pas la quitter des yeux .
Delly_L'orgueil-dompte_<Mme de Villerennes-676>_19863,yeux . . . et je suis sûre qu' il
Delly_L'orgueil-dompte_<Mme de Villerennes-676>_19921,". Mais , enfin , je ne comprends rien du"
Delly_L'orgueil-dompte_<Mme de Villerennes-676>_19941,"mouvement d' épaules . – Je comprends , moi ,"
Delly_L'orgueil-dompte_<Mme de Villerennes-676>_19944,". – Je comprends , moi , qu' elle est"
Delly_L'orgueil-dompte_<Mme de Villerennes-676>_19947,"comprends , moi , qu' elle est une nature supérieurement"
Delly_L'orgueil-dompte_<Mme de Villerennes-676>_19956,"supérieurement forte et habile , une fausse ingénue qui ,"
Delly_L'orgueil-dompte_<Mme de Villerennes-676>_19959,"habile , une fausse ingénue qui , se souvenant d'"
Delly_L'orgueil-dompte_<Mme de Villerennes-676>_19976,"sceptique et fort difficile , use maintenant des mêmes moyens"
Delly_L'orgueil-dompte_<Mme de Villerennes-676>_19982,"maintenant des mêmes moyens , fait la franche , l'"
Delly_L'orgueil-dompte_<Mme de Villerennes-676>_19989,"franche , l' indépendante , tient tête à l' homme"
Delly_L'orgueil-dompte_<Mme de Villerennes-676>_19995,tête à l' homme qu' elle sent épris de sa
Delly_L'orgueil-dompte_<Mme de Villerennes-676>_19999,qu' elle sent épris de sa beauté . C' est
Delly_L'orgueil-dompte_<Mme de Villerennes-676>_20024,. – Je crois que tu te trompes sur certains
Delly_L'orgueil-dompte_<Mme de Villerennes-676>_20031,"trompes sur certains points , Sidonia . Elle n' est"
Delly_L'orgueil-dompte_<Mme de Villerennes-676>_20033,"certains points , Sidonia . Elle n' est pas une"
Delly_L'orgueil-dompte_<Mme de Villerennes-676>_20037,. Elle n' est pas une « fausse ingénue »
Delly_L'orgueil-dompte_<Mme de Villerennes-676>_20043,« fausse ingénue » et je la soupçonne incapable de
Delly_L'orgueil-dompte_<Mme de Villerennes-676>_20044,fausse ingénue » et je la soupçonne incapable de tous
Delly_L'orgueil-dompte_<Mme de Villerennes-676>_20053,tous ces calculs . Mais elle n' en est pas
Delly_L'orgueil-dompte_<Mme de Villerennes-676>_20069,bien au contraire ! Comme tu le dis fort bien
Delly_L'orgueil-dompte_<Mme de Villerennes-676>_20075,"le dis fort bien , cette nature - là change"
Delly_L'orgueil-dompte_<Mme de Villerennes-676>_20135,. Il est possible que son mari ait pour elle
Delly_L'orgueil-dompte_<Mme de Villerennes-676>_20139,que son mari ait pour elle non un véritable attachement
Delly_L'orgueil-dompte_<Mme de Villerennes-676>_20163,plus ou moins durable . Sidonia se redressa brusquement sur
Delly_L'orgueil-dompte_<Mme de Villerennes-676>_20171,brusquement sur le siège où elle s' était jetée en
Delly_L'orgueil-dompte_<Mme de Villerennes-676>_20190,La princesse Jutta et vous m' avez promis de tout
Delly_L'orgueil-dompte_<Mme de Villerennes-676>_20198,de tout faire pour que je devienne « sa »
Delly_L'orgueil-dompte_<Mme de Villerennes-676>_20251,du moins légalement . – J' aimerais beaucoup mieux qu'
Delly_L'orgueil-dompte_<Mme de Villerennes-676>_20264,plus du tout ! dit Sidonia avec un accent de
Delly_L'orgueil-dompte_<Mme de Villerennes-676>_20274,"haine . Au moins , je serais sûre qu' il"
Delly_L'orgueil-dompte_<Mme de Villerennes-676>_20331,est ce plan ?– Que t' importe ? Tu sais
Delly_L'orgueil-dompte_<Mme de Villerennes-676>_20334,?– Que t' importe ? Tu sais que tu peux
Delly_L'orgueil-dompte_<Mme de Villerennes-676>_20337,importe ? Tu sais que tu peux compter sur mon
Delly_L'orgueil-dompte_<Mme de Villerennes-676>_20354,"affection paternelle ?– Oui , je le sais , cher"
Delly_L'orgueil-dompte_<Mme de Villerennes-676>_20361,"sais , cher père . J' ai toute confiance en"
Delly_L'orgueil-dompte_<Mme de Villerennes-676>_20404,"? Comment ? Maintenant , je ne lui plais même"
Delly_L'orgueil-dompte_<Mme de Villerennes-676>_20411,"lui plais même plus , je le sens bien !"
Delly_L'orgueil-dompte_<Mme de Villerennes-676>_20416,je le sens bien ! Je ne suis entre ses
Delly_L'orgueil-dompte_<Mme de Villerennes-676>_20439,rebelle . . . et j' ai l' impression qu'
Delly_L'orgueil-dompte_<Mme de Villerennes-676>_20445,ai l' impression qu' il me méprise . . .
Delly_L'orgueil-dompte_<Mme de Villerennes-676>_20452,. . . qu' il me méprise . . .
Delly_L'orgueil-dompte_<Mme de Villerennes-676>_20457,me méprise . . . Elle se tordait les mains
Delly_L'orgueil-dompte_<Mme de Villerennes-676>_20472,"dossier du fauteuil . Dans son visage convulsé , les"
Delly_L'orgueil-dompte_<Mme de Villerennes-676>_20544,à préparer la disparition de la jeune femme . Une
Delly_L'orgueil-dompte_<Mme de Villerennes-676>_20566,"Ah ! déjà , quand elle ne sera plus là"
Delly_L'orgueil-dompte_<Mme de Villerennes-676>_20574,"plus là , quand je la saurai loin de lui"
Delly_L'orgueil-dompte_<Mme de Villerennes-676>_20601,"du moins me dire qu' elle , cette Aélys maudite"
Delly_L'orgueil-dompte_<Mme de Villerennes-676>_20603,"me dire qu' elle , cette Aélys maudite , ne"
Delly_L'orgueil-dompte_<Mme de Villerennes-676>_20659,mais non toutefois interrompues . Aélys devenait une intrépide écuyère
Delly_L'orgueil-dompte_<Mme de Villerennes-676>_20675,", disait Lothaire qui ne la quittait pas d' un"
Delly_L'orgueil-dompte_<Mme de Villerennes-676>_20750,que parce qu' elle était la fille de ce comte
Delly_L'orgueil-dompte_<Mme de Villerennes-676>_20768,", en outre , ne lui pardonnait pas la faveur"
Delly_L'orgueil-dompte_<Mme de Villerennes-676>_20777,faveur dont le prince héritier l' avait ostensiblement gratifiée pendant
Delly_L'orgueil-dompte_<Mme de Villerennes-676>_20786,pendant les premières semaines après son mariage . Aélys commençait
Delly_L'orgueil-dompte_<Mme de Villerennes-676>_20789,semaines après son mariage . Aélys commençait de devenir une
Delly_L'orgueil-dompte_<Mme de Villerennes-676>_20812,avec une stupéfaction joyeuse que la jeune princesse avait obtenu
Delly_L'orgueil-dompte_<Mme de Villerennes-676>_20853,"illogiquement d' ailleurs , rendaient Sidonia responsable des froissements ,"
Delly_L'orgueil-dompte_<Mme de Villerennes-676>_20867,", pensaient - ils , devait éprouver à cause d'"
Delly_L'orgueil-dompte_<Mme de Villerennes-676>_20872,devait éprouver à cause d' elle leur délicieuse et charitable
Delly_L'orgueil-dompte_<Mme de Villerennes-676>_20894,Sôhnthal . On savait que la princesse Aélys faisait soigner
Delly_L'orgueil-dompte_<Mme de Villerennes-676>_20946,avait cédé qu' en entendant la jeune femme lui déclarer
Delly_L'orgueil-dompte_<Mme de Villerennes-676>_20956,: « Eh bien ! je vais en parler au
Delly_L'orgueil-dompte_<Mme de Villerennes-676>_20983,- il réfléchi alors qu' elle devait être bien assurée
Delly_L'orgueil-dompte_<Mme de Villerennes-676>_20993,"d' un bon accueil , celle qui parlait avec tant"
Delly_L'orgueil-dompte_<Mme de Villerennes-676>_20994,"un bon accueil , celle qui parlait avec tant de"
Delly_L'orgueil-dompte_<Mme de Villerennes-676>_21108,nourriture très fortifiante . Et la princesse interdisait tout travail
Delly_L'orgueil-dompte_<Mme de Villerennes-676>_21114,"princesse interdisait tout travail , donnait ses ordres pour les"
Delly_L'orgueil-dompte_<Mme de Villerennes-676>_21115,"interdisait tout travail , donnait ses ordres pour les aliments"
